0.0 0.0
0.01 0.0198531210769
0.02 0.0794262379582
0.03 0.178760592134
0.04 0.317924855481
0.05 0.497015033611
0.06 0.716154329071
0.07 0.97549296292
0.08 1.27520795274
0.09 1.61550284476
0.1 1.99660739726
0.11 2.41877721201
0.12 2.88229331017
0.13 3.3874616483
0.14 3.93461257003
0.15 4.52410018834
0.16 5.15630169272
0.17 5.83161657546
0.18 6.55046577044
0.19 7.31329069756
0.2 8.12055220541
0.21 8.97272940449
0.22 9.87031838264
0.23 10.8138307942
0.24 11.8037923138
0.25 12.8407409464
0.26 13.9252251822
0.27 15.0578019894
0.28 16.2390346334
0.29 17.4694903128
0.3 18.749737604
0.31 20.0803437042
0.32 21.4618714637
0.33 22.8948762012
0.34 24.3799022932
0.35 25.9174795318
0.36 27.5081192471
0.37 29.1523101894
0.38 30.8505141718
0.39 32.6031614732
0.4 34.4106460053
0.41 36.2733202517
0.42 38.191489987
0.43 40.165408792
0.44 42.1952723816
0.45 44.2812127683
0.46 46.4232922883
0.47 48.621497524
0.48 50.8757331588
0.49 53.1858158094
0.5 55.5514678843
0.51 57.9723115233
0.52 60.4478626785
0.53 62.9775254031
0.54 65.5605864179
0.55 68.1962100319
0.56 70.8834334938
0.57 73.6211628566
0.58 76.4081694381
0.59 79.243086958
0.6 82.1244094352
0.61 85.05048992
0.62 88.0195401373
0.63 91.0296311031
0.64 94.0786947752
0.65 97.1645267807
0.66 100.284790257
0.67 103.437020825
0.68 106.618632697
0.69 109.826925906
0.7 113.059094635
0.71 116.312236578
0.72 119.583363287
0.73 122.869411406
0.74 126.167254701
0.75 129.473716759
0.76 132.785584239
0.77 136.099620525
0.78 139.412579637
0.79 142.721220248
0.8 146.022319647
0.81 149.312687496
0.82 152.589179233
0.83 155.84870897
0.84 159.088261764
0.85 162.304905129
0.86 165.495799691
0.87 168.658208894
0.88 171.789507676
0.89 174.887190076
0.9 177.948875723
0.91 180.972315189
0.92 183.955394208
0.93 186.896136779
0.94 189.792707172
0.95 192.643410886
0.96 195.446694615
0.97 198.201145277
0.98 200.905488183
0.99 203.558584423
1.0 206.159427545
1.01 208.707139606
1.02 211.200966696
1.03 213.640273985
1.04 216.024540408
1.05 218.353353032
1.06 220.626401207
1.07 222.843470538
1.08 225.004436771
1.09 227.109259624
1.1 229.157976631
1.11 231.150697039
1.12 233.087595791
1.13 234.968907643
1.14 236.794921432
1.15 238.565974529
1.16 240.282447485
1.17 241.944758895
1.18 243.55336049
1.19 245.108732454
1.2 246.611378995
1.21 248.061824139
1.22 249.460607773
1.23 250.808281927
1.24 252.105407284
1.25 253.352549922
1.26 254.55027827
1.27 255.699160286
1.28 256.799760831
1.29 257.852639245
1.3 258.858347102
1.31 259.817426149
1.32 260.730406404
1.33 261.597804418
1.34 262.420121678
1.35 263.197843158
1.36 263.931435984
1.37 264.621348236
1.38 265.268007851
1.39 265.871821635
1.4 266.433174371
1.41 266.952428016
1.42 267.429920983
1.43 267.865967498
1.44 268.260857026
1.45 268.614853772
1.46 268.92819623
1.47 269.201096805
1.48 269.433741469
1.49 269.626289485
1.5 269.778873168
1.51 269.891597689
1.52 269.964540929
1.53 269.997753366
1.54 269.991258003
1.55 269.945050341
1.56 269.859098382
1.57 269.733342672
1.58 269.567696388
1.59 269.362045459
1.6 269.11624873
1.61 268.830138171
1.62 268.503519128
1.63 268.136170622
1.64 267.7278457
1.65 267.278271842
1.66 266.787151421
1.67 266.254162233
1.68 265.678958088
1.69 265.061169477
1.7 264.400404319
1.71 263.696248791
1.72 262.948268253
1.73 262.156008267
1.74 261.318995729
1.75 260.436740112
1.76 259.508734832
1.77 258.534458749
1.78 257.513377809
1.79 256.444946834
1.8 255.328611472
1.81 254.163810322
1.82 252.949977234
1.83 251.686543795
1.84 250.372942026
1.85 249.008607269
1.86 247.592981301
1.87 246.125515671
1.88 244.605675258
1.89 243.032942076
1.9 241.406819302
1.91 239.72683556
1.92 237.992549435
1.93 236.203554228
1.94 234.359482939
1.95 232.460013477
1.96 230.50487408
1.97 228.493848922
1.98 226.4267839
1.99 224.303592563
2.0 222.124262161
2.01 219.888859772
2.02 217.597538463
2.03 215.250543453
2.04 212.848218201
2.05 210.391010382
2.06 207.879477679
2.07 205.314293311
2.08 202.696251248
2.09 200.026271008
2.1 197.305401976
2.11 194.534827152
2.12 191.715866254
2.13 188.849978081
2.14 185.938762072
2.15 182.98395898
2.16 179.987450583
2.17 176.951258394
2.18 173.877541294
2.19 170.768592075
2.2 167.626832842
2.21 164.454809294
2.22 161.255183859
2.23 158.030727742
2.24 154.784311896
2.25 151.518897002
2.26 148.237522522
2.27 144.943294923
2.28 141.639375192
2.29 138.328965755
2.3 135.015296939
2.31 131.701613138
2.32 128.391158808
2.33 125.087164473
2.34 121.792832876
2.35 118.511325448
2.36 115.245749218
2.37 111.999144321
2.38 108.774472216
2.39 105.574604734
2.4 102.40231404
2.41 99.2602636081
2.42 96.151000245
2.43 93.0769472264
2.44 90.040398559
2.45 87.0435143792
2.46 84.088317479
2.47 81.1766909357
2.48 78.310376805
2.49 75.4909758293
2.5 72.7199481011
2.51 69.998614611
2.52 67.3281596092
2.53 64.7096336977
2.54 62.1439575746
2.55 59.631926346
2.56 57.1742143245
2.57 54.7713802328
2.58 52.4238727362
2.59 50.1320362296
2.6 47.8961168092
2.61 45.7162683664
2.62 43.5925587434
2.63 41.524975899
2.64 39.5134340354
2.65 37.5577796468
2.66 35.6577974509
2.67 33.8132161745
2.68 32.0237141666
2.69 30.2889248185
2.7 28.6084417737
2.71 26.9818239156
2.72 25.4086001233
2.73 23.8882737908
2.74 22.4203271064
2.75 21.0042250908
2.76 19.6394193981
2.77 18.3253518811
2.78 17.0614579274
2.79 15.8471695724
2.8 14.6819183971
2.81 13.5651382179
2.82 12.4962675788
2.83 11.4747520538
2.84 10.5000463705
2.85 9.57161636289
2.86 8.68894076465
2.87 7.85151285104
2.88 7.05884193991
2.89 6.3104547602
2.9 5.60589669704
2.91 4.94473292186
2.92 4.32654941559
2.93 3.75095389256
2.94 3.21757663234
2.95 2.72607122631
2.96 2.27611524527
2.97 1.86741083388
2.98 1.49968523743
2.99 1.17269126568
3.0 0.886207698442
3.01 0.640039636688
3.02 0.434018802907
3.03 0.268003793665
3.04 0.141880287111
3.05 0.0555612075864
3.06 0.00898684914899
3.07 0.00212495934027
3.08 0.0349707841239
3.09 0.107547074491
3.1 0.219904054808
3.11 0.372119352546
3.12 0.564297888639
3.13 0.796571727247
3.14 1.06909988331
3.15 1.38206808583
3.16 1.73568849437
3.17 2.13019936586
3.18 2.56586466828
3.19 3.04297363743
3.2 3.56184027244
3.21 4.12280276532
3.22 4.72622285925
3.23 5.37248513003
3.24 6.06199618444
3.25 6.79518376892
3.26 7.57249578159
3.27 8.39439917995
3.28 9.26137877648
3.29 10.1739359137
3.3 11.1325870102
3.31 12.1378619682
3.32 13.1903024339
3.33 14.2904599005
3.34 15.4388936455
3.35 16.6361684902
3.36 17.882852375
3.37 19.1795137387
3.38 20.5267186931
3.39 21.9250279859
3.4 23.3749937423
3.41 24.8771559794
3.42 26.4320388872
3.43 28.0401468731
3.44 29.7019603655
3.45 31.4179313776
3.46 33.1884788332
3.47 35.0139836573
3.48 36.8947836429
3.49 38.8311681012
3.5 40.8233723131
3.51 42.8715718013
3.52 44.9758764448
3.53 47.1363244679
3.54 49.3528763356
3.55 51.6254085966
3.56 53.9537077177
3.57 56.337463963
3.58 58.7762653728
3.59 61.2695919047
3.6 63.8168098055
3.61 66.4171662853
3.62 69.0697845698
3.63 71.773659411
3.64 74.5276531378
3.65 77.3304923285
3.66 80.1807651879
3.67 83.0769197094
3.68 86.017262698
3.69 88.9999597242
3.7 92.0230360738
3.71 95.0843787463
3.72 98.1817395432
3.73 101.312739279
3.74 104.474873123
3.75 107.665517083
3.76 110.881935591
3.77 114.12129018
3.78 117.380649176
3.79 120.656998347
3.8 123.947252404
3.81 127.248267269
3.82 130.556852965
3.83 133.869787019
3.84 137.18382821
3.85 140.495730538
3.86 143.802257237
3.87 147.100194688
3.88 150.386366075
3.89 153.657644643
3.9 156.910966398
3.91 160.143342149
3.92 163.351868747
3.93 166.533739437
3.94 169.686253237
3.95 172.806823271
3.96 175.892984008
3.97 178.942397384
3.98 181.952857786
3.99 184.922295896
4.0 187.848781439
4.01 190.730524836
4.02 193.565877834
4.03 196.353333153
4.04 199.091523233
4.05 201.779218134
4.06 204.415322679
4.07 206.998872924
4.08 209.529032027
4.09 212.005085599
4.1 214.426436637
4.11 216.792600084
4.12 219.103197127
4.13 221.357949277
4.14 223.556672309
4.15 225.69927012
4.16 227.785728566
4.17 229.816109312
4.18 231.790543755
4.19 233.709227047
4.2 235.572412262
4.21 237.380404719
4.22 239.133556494
4.23 240.832261139
4.24 242.476948621
4.25 244.068080483
4.26 245.606145247
4.27 247.091654053
4.28 248.525136542
4.29 249.907136972
4.3 251.238210577
4.31 252.518920153
4.32 253.749832871
4.33 254.931517306
4.34 256.064540683
4.35 257.149466315
4.36 258.186851237
4.37 259.177244029
4.38 260.121182799
4.39 261.019193345
4.4 261.871787458
4.41 262.679461376
4.42 263.442694372
4.43 264.161947469
4.44 264.837662272
4.45 265.470259906
4.46 266.060140068
4.47 266.607680156
4.48 267.113234499
4.49 267.577133663
4.5 267.999683833
4.51 268.381166263
4.52 268.721836789
4.53 269.021925413
4.54 269.281635922
4.55 269.501145581
4.56 269.680604859
4.57 269.82013721
4.58 269.91983889
4.59 269.979778824
4.6 269.999998508
4.61 269.980511948
4.62 269.921305645
4.63 269.822338612
4.64 269.683542428
4.65 269.504821341
4.66 269.286052398
4.67 269.027085626
4.68 268.727744254
4.69 268.387824979
4.7 268.007098284
4.71 267.585308803
4.72 267.122175748
4.73 266.61739339
4.74 266.070631608
4.75 265.481536505
4.76 264.849731101
4.77 264.174816106
4.78 263.45637078
4.79 262.693953888
4.8 261.887104755
4.81 261.035344433
4.82 260.138176985
4.83 259.195090893
4.84 258.205560606
4.85 257.169048223
4.86 256.085005342
4.87 254.952875064
4.88 253.77209417
4.89 252.542095488
4.9 251.262310441
4.91 249.932171805
4.92 248.551116677
4.93 247.118589653
4.94 245.634046239
4.95 244.09695649
4.96 242.506808889
4.97 240.863114456
4.98 239.165411109
4.99 237.413268257
5.0 235.606291629
5.01 233.744128335
5.02 231.826472145
5.03 229.853068971
5.04 227.823722536
5.05 225.738300214
5.06 223.596738996
5.07 221.399051574
5.08 219.14533248
5.09 216.835764256
5.1 214.470623596
5.11 212.050287406
5.12 209.575238729
5.13 207.046072452
5.14 204.463500749
5.15 201.828358157
5.16 199.141606236
5.17 196.404337704
5.18 193.617779985
5.19 190.783298079
5.2 187.902396669
5.21 184.976721402
5.22 182.008059249
5.23 178.998337901
5.24 175.949624127
5.25 172.864121058
5.26 169.744164353
5.27 166.592217241
5.28 163.410864421
5.29 160.202804841
5.3 156.970843383
5.31 153.717881508
5.32 150.44690692
5.33 147.160982335
5.34 143.863233465
5.35 140.55683632
5.36 137.245003961
5.37 133.930972854
5.38 130.617988954
5.39 127.309293698
5.4 124.00811003
5.41 120.71762865
5.42 117.440994603
5.43 114.181294374
5.44 110.941543616
5.45 107.724675626
5.46 104.533530683
5.47 101.370846335
5.48 98.2392487086
5.49 95.1412448949
5.5 92.079216452
5.51 89.0554140379
5.52 86.0719531809
5.53 83.1308111697
5.54 80.2338250355
5.55 77.3826905835
5.56 74.5789624208
5.57 71.8240549172
5.58 69.1192440277
5.59 66.4656699016
5.6 63.8643401978
5.61 61.3161340234
5.62 58.8218064138
5.63 56.3819932727
5.64 53.9972166917
5.65 51.6678905736
5.66 49.3943264875
5.67 47.1767396873
5.68 45.0152552319
5.69 42.9099141496
5.7 40.8606795963
5.71 38.8674429608
5.72 36.9300298791
5.73 35.0482061208
5.74 33.2216833213
5.75 31.4501245341
5.76 29.7331495827
5.77 28.0703402001
5.78 26.4612449409
5.79 24.9053838602
5.8 23.4022529547
5.81 21.951328363
5.82 20.5520703257
5.83 19.203926909
5.84 17.9063374942
5.85 16.6587360401
5.86 15.460554125
5.87 14.3112237747
5.88 13.2101800877
5.89 12.1568636635
5.9 11.1507228457
5.91 10.1912157888
5.92 9.27781235746
5.93 8.40999586931
5.94 7.58726468987
5.95 6.80913368909
5.96 6.07513556854
5.97 5.38482206799
5.98 4.73776505968
5.99 4.13355753817
6.0 3.57181451339
6.01 3.05217381384
6.02 2.57429680665
6.03 2.13786904064
6.04 1.74260081806
6.05 1.38822770022
6.06 1.0745109518
6.07 0.801237928259
6.08 0.568222409884
6.09 0.375304886239
6.1 0.222352793704
6.11 0.10926070872
6.12 0.0359504987851
6.13 0.00237143284288
6.14 0.00850025226407
6.15 0.0543412032099
6.16 0.139926030732
6.17 0.265313934546
6.18 0.430591485984
6.19 0.635872505224
6.2 0.881297897444
6.21 1.16703544614
6.22 1.49327956139
6.23 1.86025098045
6.24 2.26819641758
6.25 2.71738815953
6.26 3.20812360277
6.27 3.74072472799
6.28 4.31553750688
6.29 4.93293123599
6.3 5.59329779165
6.31 6.29705079975
6.32 7.0446247136
6.33 7.83647379266
6.34 8.67307097447
6.35 9.55490663175
6.36 10.4824872062
6.37 11.4563337101
6.38 12.476980087
6.39 13.5449714217
6.4 14.6608619896
6.41 15.8252131373
6.42 17.0385909831
6.43 18.3015639286
6.44 19.6146999723
6.45 20.9785638159
6.46 22.3937137557
6.47 23.8606983501
6.48 25.3800528588
6.49 26.9522954465
6.5 28.5779231486
6.51 30.2574075967
6.52 31.9911905039
6.53 33.7796789129
6.54 35.6232402128
6.55 37.5221969331
6.56 39.4768213275
6.57 41.4873297638
6.58 43.5538769419
6.59 45.6765499641
6.6 47.8553622887
6.61 50.0902476042
6.62 52.3810536637
6.63 54.727536129
6.64 57.1293524746
6.65 59.5860560134
6.66 62.0970901057
6.67 64.6617826214
6.68 67.2793407293
6.69 69.9488460908
6.7 72.669250538
6.71 75.4393723187
6.72 78.2578929902
6.73 81.1233550452
6.74 84.0341603468
6.75 86.9885694488
6.76 89.9847018689
6.77 93.0205373764
6.78 96.0939183427
6.79 99.2025531945
6.8 102.344020994
6.81 105.515777157
6.82 108.715160295
6.83 111.939400169
6.84 115.185626701
6.85 118.450879992
6.86 121.732121254
6.87 125.026244581
6.88 128.330089431
6.89 131.640453701
6.9 134.954107256
6.91 138.267805769
6.92 141.578304721
6.93 144.882373396
6.94 148.17680873
6.95 151.458448852
6.96 154.724186171
6.97 157.970979881
6.98 161.195867744
6.99 164.395977055
7.0 167.568534686
7.01 170.710876121
7.02 173.820453443
7.03 176.894842208
7.04 179.931747194
7.05 182.92900701
7.06 185.884597584
7.07 188.796634542
7.08 191.663374522
7.09 194.48321548
7.1 197.25469603
7.11 199.976493908
7.12 202.647423614
7.13 205.266433327
7.14 207.832601171
7.15 210.3451309
7.16 212.80334711
7.17 215.206690036
7.18 217.554710023
7.19 219.847061741
7.2 222.083498213
7.21 224.263864725
7.22 226.388092669
7.23 228.456193376
7.24 230.468251992
7.25 232.424421424
7.26 234.324916411
7.27 236.170007735
7.28 237.960016608
7.29 239.695309247
7.3 241.376291665
7.31 243.003404679
7.32 244.577119156
7.33 246.097931484
7.34 247.5663593
7.35 248.982937441
7.36 250.348214147
7.37 251.662747491
7.38 252.927102039
7.39 254.141845738
7.4 255.307547017
7.41 256.424772091
7.42 257.49408247
7.43 258.516032656
7.44 259.491168014
7.45 260.420022822
7.46 261.303118472
7.47 262.140961831
7.48 262.934043735
7.49 263.682837622
7.5 264.387798285
7.51 265.04936074
7.52 265.667939201
7.53 266.24392616
7.54 266.777691549
7.55 267.269581994
7.56 267.71992015
7.57 268.1290041
7.58 268.497106833
7.59 268.824475779
7.6 269.111332397
7.61 269.357871832
7.62 269.564262608
7.63 269.730646379
7.64 269.857137715
7.65 269.943823946
7.66 269.99076503
7.67 269.997993474
7.68 269.965514285
7.69 269.893304966
7.7 269.781315547
7.71 269.629468652
7.72 269.437659611
7.73 269.205756612
7.74 268.933600885
7.75 268.621006948
7.76 268.267762884
7.77 267.873630675
7.78 267.438346588
7.79 266.961621619
7.8 266.443141994
7.81 265.882569743
7.82 265.279543335
7.83 264.633678404
7.84 263.94456854
7.85 263.21178619
7.86 262.434883635
7.87 261.613394089
7.88 260.746832899
7.89 259.834698867
7.9 258.876475708
7.91 257.871633637
7.92 256.819631106
7.93 255.719916704
7.94 254.571931216
7.95 253.375109862
7.96 252.128884716
7.97 250.832687334
7.98 249.485951567
7.99 248.088116605
8.0 246.638630227
8.01 245.136952286
8.02 243.58255843
8.03 241.97494405
8.04 240.313628476
8.05 238.598159411
8.06 236.828117603
8.07 235.003121755
8.08 233.122833651
8.09 231.186963506
8.1 229.195275515
8.11 227.147593578
8.12 225.043807181
8.13 222.883877412
8.14 220.667843058
8.15 218.395826769
8.16 216.068041218
8.17 213.684795225
8.18 211.246499778
8.19 208.753673897
8.2 206.20695026
8.21 203.607080535
8.22 200.954940329
8.23 198.251533686
8.24 195.497997039
8.25 192.695602542
8.26 189.845760704
8.27 186.950022231
8.28 184.010079012
8.29 181.027764177
8.3 178.005051151
8.31 174.944051672
8.32 171.847012707
8.33 168.716312255
8.34 165.554454013
8.35 162.364060909
8.36 159.147867518
8.37 155.908711399
8.38 152.649523412
8.39 149.373317082
8.4 146.083177093
8.41 142.78224704
8.42 139.473716537
8.43 136.16080782
8.44 132.846761999
8.45 129.534825095
8.46 126.228234023
8.47 122.930202679
8.48 119.643908279
8.49 116.372478101
8.5 113.118976772
8.51 109.886394229
8.52 106.677634463
8.53 103.495505163
8.54 100.342708328
8.55 97.221831922
8.56 94.1353426253
8.57 91.0855797031
8.58 88.0747500128
8.59 85.104924142
8.6 82.1780336599
8.61 79.2958694486
8.62 76.4600810666
8.63 73.672177089
8.64 70.9335263587
8.65 68.2453600748
8.66 65.6087746417
8.67 63.0247351973
8.68 60.4940797378
8.69 58.0175237577
8.7 55.5956653219
8.71 53.2289904932
8.72 50.9178790394
8.73 48.6626103486
8.74 46.463369488
8.75 44.3202533442
8.76 42.2332767913
8.77 40.2023788363
8.78 38.2274286985
8.79 36.3082317861
8.8 34.4445355345
8.81 32.6360350824
8.82 30.8823787603
8.83 29.1831733748
8.84 27.5379892738
8.85 25.9463651842
8.86 24.4078128126
8.87 22.9218212079
8.88 21.487860883
8.89 20.1053876969
8.9 18.7738465014
8.91 17.4926745555
8.92 16.2613047149
8.93 15.079168403
8.94 13.9456983719
8.95 12.8603312618
8.96 11.8225099677
8.97 10.8316858242
8.98 9.88732061559
8.99 8.98888842379
9.0 8.13587732115
9.01 7.32779091923
9.02 6.56414978207
9.03 5.84449271296
9.04 5.16837792339
9.05 4.53538409227
9.06 3.94511132334
9.07 3.39718200805
9.08 2.89124160085
9.09 2.42695931341
9.1 2.00402873374
9.11 1.62216837572
9.12 1.2811221642
9.13 0.980659860261
9.14 0.720577430683
9.15 0.500697365502
9.16 0.320868946758
9.17 0.180968471301
9.18 0.0808994300083
9.19 0.0205926453322
9.2 6.36868463987e-06
9.21 0.0191263387179
9.22 0.0779658011508
9.23 0.176565490356
9.24 0.314993572507
9.25 0.493345549655
9.26 0.71174412369
9.27 0.970339018691
9.28 1.26930675977
9.29 1.60885040606
9.3 1.98919923504
9.31 2.41060837501
9.32 2.87335838199
9.33 3.3777547569
9.34 3.92412739851
9.35 4.51282998694
9.36 5.14423929238
9.37 5.81875440287
9.38 6.53679586474
9.39 7.29880472892
9.4 8.10524149551
9.41 8.9565849491
9.42 9.85333087645
9.43 10.795990658
9.44 11.7850897246
9.45 12.8211658695
9.46 13.9047674072
9.47 15.0364511685
9.48 16.2167803233
9.49 17.4463220203
9.5 18.7256448348
9.51 20.0553160155
9.52 21.4358985213
9.53 22.8679478402
9.54 24.3520085829
9.55 25.8886108454
9.56 27.4782663349
9.57 29.1214642577
9.58 30.8186669651
9.59 32.5703053611
9.6 34.3767740744
9.61 36.2384264005
9.62 38.1555690254
9.63 40.1284565448
9.64 42.1572857941
9.65 44.2421900159
9.66 46.3832328877
9.67 48.580402446
9.68 50.8336049423
9.69 53.1426586753
9.7 55.507287848
9.71 57.9271165058
9.72 60.4016626139
9.73 62.9303323416
9.74 65.5124146236
9.75 68.1470760724
9.76 70.8333563219
9.77 73.5701638816
9.78 76.356272585
9.79 79.190318714
9.8 82.070798881
9.81 84.9960687454
9.82 87.9643426386
9.83 90.9736941632
9.84 94.0220578231
9.85 97.1072317311
9.86 100.22688143
9.87 103.378544842
9.88 106.559638359
9.89 109.767464052
9.9 112.999217974
9.91 116.251999512
9.92 119.522821707
9.93 122.808622481
9.94 126.106276647
9.95 129.412608601
9.96 132.724405559
9.97 136.038431212
9.98 139.351439623
9.99 142.660189255
10.0 145.961456926
10.01 149.252051578
10.02 152.528827684
10.03 155.788698162
10.04 159.028646649
10.05 162.24573904
10.06 165.43713415
10.07 168.600093442
10.08 171.731989724
10.09 174.830314773
10.1 177.892685848
10.11 180.91685106
10.12 183.900693617
10.13 186.842234944
10.14 189.739636709
10.15 192.591201801
10.16 195.395374312
10.17 198.150738585
10.18 200.856017399
10.19 203.510069364
10.2 206.111885614
10.21 208.660585877
10.22 211.155413993
10.23 213.595732982
10.24 215.981019727
10.25 218.310859354
10.26 220.584939375
10.27 222.803043675
10.28 224.965046392
10.29 227.070905748
10.3 229.120657898
10.31 231.114410818
10.32 233.052338291
10.33 234.934674022
10.34 236.761705901
10.35 238.533770452
10.36 240.251247475
10.37 241.914554908
10.38 243.524143913
10.39 245.080494192
10.4 246.584109546
10.41 248.035513671
10.42 249.435246197
10.43 250.783858962
10.44 252.08191252
10.45 253.329972876
10.46 254.528608443
10.47 255.678387212
10.48 256.779874124
10.49 257.833628641
10.5 258.8402025
10.51 259.800137647
10.52 260.713964333
10.53 261.582199372
10.54 262.405344545
10.55 263.18388514
10.56 263.918288626
10.57 264.609003444
10.58 265.256457912
10.59 265.861059236
10.6 266.423192612
10.61 266.943220426
10.62 267.421481531
10.63 267.858290604
10.64 268.253937574
10.65 268.608687115
10.66 268.922778201
10.67 269.19642372
10.68 269.429810136
10.69 269.623097208
10.7 269.776417749
10.71 269.889877434
10.72 269.963554647
10.73 269.997500375
10.74 269.991738127
10.75 269.946263914
10.76 269.861046243
10.77 269.736026168
10.78 269.571117369
10.79 269.366206277
10.8 269.121152237
10.81 268.835787712
10.82 268.509918536
10.83 268.143324214
10.84 267.735758269
10.85 267.286948649
10.86 266.796598186
10.87 266.264385126
10.88 265.689963713
10.89 265.072964864
10.9 264.412996908
10.91 263.709646415
10.92 262.962479119
10.93 262.17104094
10.94 261.334859106
10.95 260.4534434
10.96 259.526287521
10.97 258.552870585
10.98 257.532658759
10.99 256.465107053
11.0 255.349661267
11.01 254.185760109
11.02 252.972837495
11.03 251.710325031
11.04 250.397654702
11.05 249.034261763
11.06 247.619587843
11.07 246.153084277
11.08 244.634215667
11.09 243.062463672
11.1 241.437331041
11.11 239.758345889
11.12 238.025066205
11.13 236.237084604
11.14 234.394033307
11.15 232.495589346
11.16 230.541479977
11.17 228.531488291
11.18 226.465458992
11.19 224.343304325
11.2 222.165010125
11.21 219.930641938
11.22 217.640351189
11.23 215.29438134
11.24 212.89307398
11.25 210.436874809
11.26 207.926339425
11.27 205.362138869
11.28 202.745064833
11.29 200.076034478
11.3 197.356094754
11.31 194.586426165
11.32 191.76834588
11.33 188.903310114
11.34 185.9929157
11.35 183.038900781
11.36 180.04314454
11.37 177.007665927
11.38 173.934621316
11.39 170.826301064
11.4 167.685124937
11.41 164.513636409
11.42 161.314495824
11.43 158.090472455
11.44 154.844435503
11.45 151.579344088
11.46 148.29823632
11.47 145.004217543
11.48 141.700447852
11.49 138.390129029
11.5 135.076491013
11.51 131.762778063
11.52 128.452234761
11.53 125.148092014
11.54 121.853553204
11.55 118.571780642
11.56 115.30588248
11.57 112.058900195
11.58 108.833796801
11.59 105.633445877
11.6 102.460621516
11.61 99.3179892714
11.62 96.2080981715
11.63 93.133373828
11.64 90.0961126797
11.65 87.0984773694
11.66 84.1424932502
11.67 81.2300459941
11.68 78.3628802662
11.69 75.542599415
11.7 72.7706661185
11.71 70.0484039169
11.72 67.376999559
11.73 64.7575060826
11.74 62.1908465469
11.75 59.6778183348
11.76 57.2190979433
11.77 54.8152461799
11.78 52.4667136906
11.79 50.1738467416
11.8 47.9368931893
11.81 45.7560085718
11.82 43.6312622643
11.83 41.5626436447
11.84 39.5500682223
11.85 37.5933836869
11.86 35.6923758442
11.87 33.8467744031
11.88 32.0562585934
11.89 30.3204625884
11.9 28.6389807197
11.91 27.0113724685
11.92 25.4371672264
11.93 23.9158688185
11.94 22.446959787
11.95 21.0299054348
11.96 19.6641576295
11.97 18.3491583739
11.98 17.0843431463
11.99 15.869144017
12.0 14.7029925504
12.01 13.5853224983
12.02 12.5155722961
12.03 11.4931873682
12.04 10.5176222549
12.05 9.58834256856
12.06 8.70482678918
12.07 7.86656790956
12.08 7.07307493853
12.09 6.32387427188
12.1 5.61851093968
12.11 4.95654973846
12.12 4.33757625623
12.13 3.76119779821
12.14 3.2270442203
12.15 2.73476867717
12.16 2.28404829123
12.17 1.87458474846
12.18 1.50610482626
12.19 1.17836085853
12.2 0.891131142198
12.21 0.64422028938
12.22 0.437459528577
12.23 0.270706958127
12.24 0.143847754513
12.25 0.0567943377512
12.26 0.00948649565438
12.27 0.00189146832781
12.28 0.0340039938169
12.29 0.105846315419
12.3 0.217468150739
12.31 0.368946622138
12.32 0.56038614783
12.33 0.791918292401
12.34 1.06370157517
12.35 1.3759212343
12.36 1.72878894419
12.37 2.12254248324
12.38 2.55744534852
12.39 3.03378631365
12.4 3.55187892548
12.41 4.11206093491
12.42 4.71469365652
12.43 5.36016125153
12.44 6.04886992772
12.45 6.78124704984
12.46 7.55774015349
12.47 8.3788158548
12.48 9.24495864822
12.49 10.1566695838
12.5 11.1144648158
12.51 12.1188740127
12.52 13.1704386205
12.53 14.269709969
12.54 15.4172472113
12.55 16.6136150881
12.56 17.8593815053
12.57 19.1551149173
12.58 20.5013815059
12.59 21.8987421466
12.6 23.3477491547
12.61 24.8489428037
12.62 26.4028476112
12.63 28.0099683871
12.64 29.670786042
12.65 31.3857531556
12.66 33.155289306
12.67 34.9797761661
12.68 36.859552373
12.69 38.7949081828
12.7 40.7860799255
12.71 42.83324428
12.72 44.9365123916
12.73 47.0959238628
12.74 49.3114406501
12.75 51.5829409075
12.76 53.9102128209
12.77 56.2929484857
12.78 58.7307378834
12.79 61.2230630191
12.8 63.7692922886
12.81 66.368675146
12.82 69.0203371486
12.83 71.7232754583
12.84 74.4763548812
12.85 77.2783045281
12.86 80.1277151783
12.87 83.0230374257
12.88 85.9625806855
12.89 88.9445131307
12.9 91.9668626227
12.91 95.0275186895
12.92 98.1242355947
12.93 101.254636526
12.94 104.416218918
12.95 107.606360913
12.96 110.822328928
12.97 114.061286311
12.98 117.320303017
12.99 120.596366233
13.0 123.886391876
13.01 127.187236838
13.02 130.495711869
13.03 133.808594971
13.04 137.122645146
13.05 140.434616353
13.06 143.741271529
13.07 147.039396503
13.08 150.325813659
13.09 153.597395198
13.1 156.851075859
13.11 160.083864964
13.12 163.292857677
13.13 166.475245377
13.14 169.62832505
13.15 172.749507642
13.16 175.836325326
13.17 178.886437633
13.18 181.897636466
13.19 184.867849964
13.2 187.795145265
13.21 190.677730184
13.22 193.513953857
13.23 196.302306412
13.24 199.041417725
13.25 201.730055337
13.26 204.367121614
13.27 206.951650226
13.28 209.482802022
13.29 211.959860399
13.3 214.382226232
13.31 216.749412451
13.32 219.061038333
13.33 221.316823591
13.34 223.516582315
13.35 225.660216831
13.36 227.747711538
13.37 229.779126755
13.38 231.754592646
13.39 233.674303242
13.4 235.538510597
13.41 237.347519115
13.42 239.101680059
13.43 240.801386261
13.44 242.447067061
13.45 244.03918346
13.46 245.578223522
13.47 247.064698009
13.48 248.499136255
13.49 249.882082282
13.5 251.214091154
13.51 252.495725556
13.52 253.727552605
13.53 254.910140878
13.54 256.044057647
13.55 257.129866319
13.56 258.168124066
13.57 259.159379643
13.58 260.104171369
13.59 261.003025284
13.6 261.856453452
13.61 262.664952412
13.62 263.429001762
13.63 264.149062874
13.64 264.825577719
13.65 265.458967812
13.66 266.049633252
13.67 266.597951857
13.68 267.104278387
13.69 267.568943855
13.7 267.992254899
13.71 268.374493238
13.72 268.715915184
13.73 269.016751216
13.74 269.277205612
13.75 269.497456126
13.76 269.677653725
13.77 269.817922363
13.78 269.918358801
13.79 269.97903247
13.8 269.99998537
13.81 269.981232018
13.82 269.922759422
13.83 269.824527101
13.84 269.686467142
13.85 269.508484294
13.86 269.290456107
13.87 269.032233103
13.88 268.733639006
13.89 268.394470999
13.9 268.014500044
13.91 267.593471252
13.92 267.131104298
13.93 266.627093909
13.94 266.081110409
13.95 265.492800335
13.96 264.861787126
13.97 264.187671896
13.98 263.470034293
13.99 262.708433451
14.0 261.902409044
14.01 261.05148245
14.02 260.155158034
14.03 259.212924551
14.04 258.224256695
14.05 257.188616776
14.06 256.10545657
14.07 254.974219313
14.08 253.794341885
14.09 252.565257162
14.1 251.286396569
14.11 249.957192833
14.12 248.57708294
14.13 247.145511319
14.14 245.661933241
14.15 244.12581846
14.16 242.53665508
14.17 240.893953668
14.18 239.197251604
14.19 237.446117671
14.2 235.640156883
14.21 233.77901554
14.22 231.8623865
14.23 229.89001466
14.24 227.861702627
14.25 225.777316542
14.26 223.636792058
14.27 221.440140413
14.28 219.187454572
14.29 216.878915395
14.3 214.514797784
14.31 212.095476739
14.32 209.621433292
14.33 207.093260213
14.34 204.511667464
14.35 201.877487278
14.36 199.191678832
14.37 196.455332386
14.38 193.66967285
14.39 190.836062662
14.4 187.956003911
14.41 185.031139634
14.42 182.063254197
14.43 179.054272701
14.44 176.006259372
14.45 172.921414851
14.46 169.802072393
14.47 166.650692924
14.48 163.46985896
14.49 160.262267413
14.5 157.030721289
14.51 153.778120359
14.52 150.50745083
14.53 147.221774143
14.54 143.924214959
14.55 140.617948477
14.56 137.306187197
14.57 133.992167278
14.58 130.679134627
14.59 127.370330891
14.6 124.068979483
14.61 120.778271818
14.62 117.501353904
14.63 114.241313422
14.64 111.001167438
14.65 107.783850871
14.66 104.592205806
14.67 101.428971773
14.68 98.2967770258
14.69 95.1981309175
14.7 92.1354173757
14.71 89.1108895174
14.72 86.1266653977
14.73 83.1847248794
14.74 80.2869075955
14.75 77.4349119618
14.76 74.6302951866
14.77 71.8744742153
14.78 69.1687275372
14.79 66.5141977815
14.8 63.9118950195
14.81 61.362700693
14.82 58.8673720849
14.83 56.4265472516
14.84 54.0407503361
14.85 51.7103971864
14.86 49.4358012071
14.87 47.2171793752
14.88 45.0546583594
14.89 42.9482806837
14.9 40.8980108864
14.91 38.9037416266
14.92 36.9652997005
14.93 35.0824519309
14.94 33.2549109018
14.95 31.4823405146
14.96 29.7643613438
14.97 28.1005557806
14.98 26.4904729489
14.99 24.9336333893
15.0 23.4295335038
15.01 21.9776497611
15.02 20.5774426609
15.03 19.2283604617
15.04 17.9298426751
15.05 16.6813233318
15.06 15.4822340275
15.07 14.3320067557
15.08 13.2300765354
15.09 12.1758838435
15.1 11.1688768616
15.11 10.2085135451
15.12 9.29426352623
15.13 8.42560985936
15.14 7.60205061851
15.15 6.82310035645
15.16 6.08829143418
15.17 5.39717522969
15.18 4.74932323417
15.19 4.14432804378
15.2 3.58180425438
15.21 3.06138926633
15.22 2.58274400607
15.23 2.14555357051
15.24 1.74952780003
15.25 1.39440178531
15.26 1.07993631274
15.27 0.805918252808
15.28 0.572160895137
15.29 0.378504233801
15.3 0.224815205714
15.31 0.110987884668
15.32 0.0369436331017
15.33 0.00263121321718
15.34 0.00802685868604
15.35 0.0531343077197
15.36 0.137984797876
15.37 0.262637022541
15.38 0.427177048611
15.39 0.631718194459
15.4 0.876400866868
15.41 1.16139235515
15.42 1.48688658029
15.43 1.8531037964
15.44 2.26029024157
15.45 2.70871773435
15.46 3.19868321211
15.47 3.73050820673
15.48 4.30453825273
15.49 4.92114222245
15.5 5.58071158251
15.51 6.28365956527
15.52 7.03042024839
15.53 7.82144753549
15.54 8.6572140301
15.55 9.53820979499
15.56 10.4649409883
15.57 11.4379283677
15.58 12.4577056537
15.59 13.5248177424
15.6 14.6398187584
15.61 15.8032699379
15.62 17.015737333
15.63 18.2777893269
15.64 19.5899939511
15.65 20.9529159958
15.66 22.3671139049
15.67 23.8331364483
15.68 25.351519165
15.69 26.922780571
15.7 28.5474181301
15.71 30.225903983
15.72 31.9586804377
15.73 33.7461552216
15.74 35.5886965025
15.75 37.4866276867
15.76 39.4402220065
15.77 41.4496969137
15.78 43.5152083002
15.79 45.6368445711
15.8 47.8146205998
15.81 50.0484716036
15.82 52.3382469786
15.83 54.6837041423
15.84 57.0845024371
15.85 59.5401971525
15.86 62.0502337301
15.87 64.6139422207
15.88 67.230532067
15.89 69.8990872887
15.9 72.6185621511
15.91 75.387777399
15.92 78.2054171378
15.93 81.0700264448
15.94 83.980009789
15.95 86.9336303338
15.96 89.9290101932
15.97 92.9641316987
15.98 96.0368397311
15.99 99.1448451526
16.0 102.285729366
16.01 105.456950011
16.02 108.655847788
16.03 111.879654389
16.04 115.125501493
16.05 118.390430761
16.06 121.671404758
16.07 124.965318709
16.08 128.269012961
16.09 131.579286058
16.1 134.892908257
16.11 138.206635369
16.12 141.517222749
16.13 144.8214393
16.14 148.116081326
16.15 151.397986072
16.16 154.664044831
16.17 157.911215454
16.18 161.136534151
16.19 164.33712647
16.2 167.510217357
16.21 170.653140217
16.22 173.763344913
16.23 176.838404666
16.24 179.876021821
16.25 182.874032483
16.26 185.830410018
16.27 188.743267457
16.28 191.610858831
16.29 194.431579486
16.3 197.203965452
16.31 199.926691914
16.32 202.598570873
16.33 205.218548072
16.34 207.785699272
16.35 210.299225949
16.36 212.758450515
16.37 215.162811119
16.38 217.511856122
16.39 219.805238323
16.4 222.042708984
16.41 224.224111743
16.42 226.349376457
16.43 228.418513037
16.44 230.431605321
16.45 232.38880502
16.46 234.290325783
16.47 236.136437409
16.48 237.927460228
16.49 239.663759674
16.5 241.345741071
16.51 242.973844639
16.52 244.548540729
16.53 246.0703253
16.54 247.539715631
16.55 248.95724628
16.56 250.32346527
16.57 251.638930523
16.58 252.904206516
16.59 254.11986116
16.6 255.286462899
16.61 256.404578014
16.62 257.474768121
16.63 258.497587873
16.64 259.473582822
16.65 260.403287466
16.66 261.287223451
16.67 262.125897927
16.68 262.919802038
16.69 263.669409556
16.7 264.375175627
16.71 265.037535642
16.72 265.65690421
16.73 266.233674231
16.74 266.768216059
16.75 267.260876758
16.76 267.711979431
16.77 268.12182262
16.78 268.490679783
16.79 268.818798822
16.8 269.106401683
16.81 269.353683998
16.82 269.560814785
16.83 269.727936195
16.84 269.855163303
16.85 269.942583941
16.86 269.990258573
16.87 269.998220214
16.88 269.96647438
16.89 269.894999081
16.9 269.783744852
16.91 269.632634825
16.92 269.441564833
16.93 269.21040356
16.94 268.938992735
16.95 268.627147366
16.96 268.27465602
16.97 267.881281159
16.98 267.446759522
16.99 266.970802565
17.0 266.453096969
17.01 265.893305202
17.02 265.291066165
17.03 264.645995904
17.04 263.957688411
17.05 263.225716511
17.06 262.449632852
17.07 261.628970987
17.08 260.763246582
17.09 259.851958732
17.1 258.894591417
17.11 257.890615084
17.12 256.839488387
17.13 255.74066008
17.14 254.593571071
17.15 253.39765666
17.16 252.152348959
17.17 250.857079507
17.18 249.511282086
17.19 248.114395758
17.2 246.665868113
17.21 245.16515875
17.22 243.611742987
17.23 242.005115814
17.24 240.34479608
17.25 238.630330923
17.26 236.861300438
17.27 235.037322578
17.28 233.158058285
17.29 231.223216831
17.3 229.232561363
17.31 227.185914624
17.32 225.083164836
17.33 222.924271708
17.34 220.709272539
17.35 218.438288373
17.36 216.111530165
17.37 213.729304904
17.38 211.29202164
17.39 208.800197344
17.4 206.254462546
17.41 203.65556667
17.42 201.004382995
17.43 198.301913153
17.44 195.5492911
17.45 192.747786459
17.46 189.898807163
17.47 187.00390132
17.48 184.064758207
17.49 181.083208351
17.5 178.061222601
17.51 175.000910166
17.52 171.90451555
17.53 168.774414377
17.54 165.613108079
17.55 162.423217447
17.56 159.207475069
17.57 155.968716687
17.58 152.709871534
17.59 149.433951706
17.6 146.144040686
17.61 142.843281094
17.62 139.534861815
17.63 136.222004606
17.64 132.907950354
17.65 129.595945118
17.66 126.289226106
17.67 122.991007766
17.68 119.704468111
17.69 116.432735459
17.7 113.178875706
17.71 109.945880272
17.72 106.736654831
17.73 103.554008941
17.74 100.400646629
17.75 97.279158035
17.76 94.192012138
17.77 91.141550605
17.78 88.1299827766
17.79 85.1593817851
17.8 82.2316817853
17.81 79.3486762661
17.82 76.5120173954
17.83 73.7232163432
17.84 70.9836445162
17.85 68.2945356316
17.86 65.656988553
17.87 63.0719708065
17.88 60.5403226957
17.89 58.0627619322
17.9 55.6398887014
17.91 53.2721910832
17.92 50.9600507552
17.93 48.7037489047
17.94 46.503472285
17.95 44.3593193552
17.96 42.271306448
17.97 40.239373916
17.98 38.2633922127
17.99 36.3431678712
18.0 34.4784493456
18.01 32.6689326898
18.02 30.9142670502
18.03 29.2140599535
18.04 27.5678823764
18.05 25.9752735872
18.06 24.4357457512
18.07 22.9487882977
18.08 21.5138720457
18.09 20.1304530914
18.1 18.7979764579
18.11 17.5158795149
18.12 16.2835951719
18.13 15.100554853
18.14 13.966191262
18.15 12.8799409452
18.16 11.841246662
18.17 10.849559572
18.18 9.9043412496
18.19 9.00506553372
18.2 8.15122022388
18.21 7.3423086315
18.22 6.57785099551
18.23 5.85738577146
18.24 5.1804708025
18.25 4.54668438061
18.26 3.95562620579
18.27 3.40691825063
18.28 2.90020553716
18.29 2.43515683251
18.3 2.01146526936
18.31 1.6288488967
18.32 1.28705116612
18.33 0.985841358077
18.34 0.725014952396
18.35 0.504393946744
18.36 0.323827126254
18.37 0.183190287156
18.38 0.0823864167801
18.39 0.0213458318612
18.4 2.62766509516e-05
18.41 0.0184129819155
18.42 0.0765186854677
18.43 0.174383614461
18.44 0.312075429253
18.45 0.489689128209
18.46 0.707346912414
18.47 0.965198008814
18.48 1.26341844988
18.49 1.60221080746
18.5 1.98180387806
18.51 2.40245231624
18.52 2.86443621267
18.53 3.36806061238
18.54 3.91365496895
18.55 4.50157252939
18.56 5.13218964423
18.57 5.80590499689
18.58 6.52313874581
18.59 7.28433157249
18.6 8.0899436281
18.61 8.94045337083
18.62 9.83635628582
18.63 10.7781634792
18.64 11.766400137
18.65 12.8016038406
18.66 13.8843227277
18.67 15.0151134911
18.68 16.1945392046
18.69 17.4231669657
18.7 18.7015653478
18.71 20.0303016502
18.72 21.4099389394
18.73 22.8410328714
18.74 24.32412829
18.75 25.8597555936
18.76 27.4484268657
18.77 29.0906317666
18.78 30.7868331845
18.79 32.5374626472
18.8 34.3429154984
18.81 36.203545844
18.82 38.11966128
18.83 40.0915174145
18.84 42.1193122024
18.85 44.203180114
18.86 46.3431861665
18.87 48.5393198486
18.88 50.7914889781
18.89 53.0995135336
18.9 55.4631195111
18.91 57.8819328598
18.92 60.3554735563
18.93 62.8831498847
18.94 65.4642529918
18.95 68.0979517929
18.96 70.7832883058
18.97 73.5191734957
18.98 76.3043837113
18.99 79.1375577963
19.0 82.0171949566
19.01 84.9416534607
19.02 87.9091502478
19.03 90.9177615076
19.04 93.9654242914
19.05 97.0499391997
19.06 100.168974182
19.07 103.320069465
19.08 106.500643624
19.09 109.708000768
19.1 112.939338828
19.11 116.191758883
19.12 119.462275471
19.13 122.747827795
19.14 126.045291718
19.15 129.35149245
19.16 132.663217772
19.17 135.977231682
19.18 139.290288296
19.19 142.599145866
19.2 145.900580747
19.21 149.191401165
19.22 152.468460635
19.23 155.728670878
19.24 158.969014123
19.25 162.186554643
19.26 165.378449448
19.27 168.541958021
19.28 171.674451044
19.29 174.773418033
19.3 177.836473878
19.31 180.861364231
19.32 183.845969775
19.33 186.78830936
19.34 189.686542052
19.35 192.53896813
19.36 195.344029084
19.37 198.100306681
19.38 200.806521164
19.39 203.461528663
19.4 206.0643179
19.41 208.614006266
19.42 211.109835352
19.43 213.551166026
19.44 215.937473117
19.45 218.268339805
19.46 220.543451766
19.47 222.76259116
19.48 224.925630513
19.49 227.032526553
19.5 229.083314049
19.51 231.078099705
19.52 233.017056146
19.53 234.90041602
19.54 236.728466268
19.55 238.501542565
19.56 240.22002396
19.57 241.884327731
19.58 243.49490447
19.59 245.052233393
19.6 246.556817894
19.61 248.00918134
19.62 249.409863099
19.63 250.759414818
19.64 252.058396919
19.65 253.307375335
19.66 254.506918462
19.67 255.657594321
19.68 256.759967933
19.69 257.814598882
19.7 258.822039068
19.71 259.782830634
19.72 260.697504064
19.73 261.566576435
19.74 262.390549819
19.75 263.169909821
19.76 263.90512425
19.77 264.59664191
19.78 265.244891499
19.79 265.850280621
19.8 266.413194886
19.81 266.933997109
19.82 267.413026582
19.83 267.850598436
19.84 268.24700306
19.85 268.602505599
19.86 268.917345506
19.87 269.191736154
19.88 269.425864496
19.89 269.619890788
19.9 269.773948342
19.91 269.888143336
19.92 269.962554659
19.93 269.997233803
19.94 269.992204788
19.95 269.947464131
19.96 269.862980846
19.97 269.738696495
19.98 269.574525261
19.99 269.370354079
20.0 269.12604279

