0.0 0.0 0.0 -2.0
0.01 -2.00016333274e-07 0.0 -2.0
0.02 -4.00130678813e-07 0.0 -2.0
0.03 -6.00441095955e-07 0.0 -2.0
0.04 -8.01045741738e-07 0.0 -2.0
0.05 -1.00204291709e-06 0.0 -2.0
0.06 -1.2035311121e-06 0.0 -2.0
0.07 -1.40560906203e-06 0.0 -2.0
0.08 -1.608375789e-06 0.0 -2.0
0.09 -1.81193065263e-06 0.0 -2.0
0.1 -2.01637339714e-06 0.0 -2.0
0.11 -2.2218042055e-06 0.0 -2.0
0.12 -2.42832374209e-06 0.0 -2.0
0.13 -2.63603320594e-06 0.0 -2.0
0.14 -2.84503437964e-06 0.0 -2.0
0.15 -3.05542967638e-06 0.0 -2.0
0.16 -3.26732219502e-06 0.0 -2.0
0.17 -3.48081576717e-06 0.0 -2.0
0.18 -3.69601500871e-06 0.0 -2.0
0.19 -3.91302537128e-06 0.0 -2.0
0.2 -4.13195319559e-06 0.0 -2.0
0.21 -4.35290575851e-06 0.0 -2.0
0.22 -4.57599133163e-06 0.0 -1.99999999999
0.23 -4.80131923286e-06 0.0 -1.99999999999
0.24 -5.02899987608e-06 0.0 -1.99999999999
0.25 -5.25914483073e-06 0.0 -1.99999999999
0.26 -5.49186687148e-06 0.0 -1.99999999999
0.27 -5.727280036e-06 0.0 -1.99999999999
0.28 -5.96549968267e-06 0.0 -1.99999999999
0.29 -6.20664254302e-06 0.0 -1.99999999999
0.3 -6.45082678296e-06 0.0 -1.99999999999
0.31 -6.69817205699e-06 0.0 -1.99999999999
0.32 -6.94879956951e-06 0.0 -1.99999999999
0.33 -7.20283213339e-06 0.0 -1.99999999999
0.34 -7.46039422948e-06 0.0 -1.99999999999
0.35 -7.72161206706e-06 0.0 -1.99999999999
0.36 -7.98661364863e-06 0.0 -1.99999999998
0.37 -8.25552883119e-06 0.0 -1.99999999998
0.38 -8.52848938846e-06 0.0 -1.99999999998
0.39 -8.80562907565e-06 0.0 -1.99999999998
0.4 -9.08708369704e-06 0.0 -1.99999999998
0.41 -9.37299117251e-06 0.0 -1.99999999998
0.42 -9.66349159977e-06 0.0 -1.99999999998
0.43 -9.95872733252e-06 0.0 -1.99999999998
0.44 -1.02588430399e-05 0.0 -1.99999999997
0.45 -1.05639857848e-05 0.0 -1.99999999997
0.46 -1.08743050954e-05 0.0 -1.99999999997
0.47 -1.11899530326e-05 0.0 -1.99999999997
0.48 -1.15110842715e-05 0.0 -1.99999999997
0.49 -1.18378561717e-05 0.0 -1.99999999996
0.5 -1.21704288593e-05 0.0 -1.99999999996
0.51 -1.25089652999e-05 0.0 -1.99999999996
0.52 -1.28536313841e-05 0.0 -1.99999999996
0.53 -1.32045960041e-05 0.0 -1.99999999996
0.54 -1.35620311407e-05 0.0 -1.99999999995
0.55 -1.39261119435e-05 0.0 -1.99999999995
0.56 -1.42970168201e-05 0.0 -1.99999999995
0.57 -1.4674927521e-05 0.0 -1.99999999995
0.58 -1.50600292289e-05 0.0 -1.99999999994
0.59 -1.54525106522e-05 0.0 -1.99999999994
0.6 -1.58525641163e-05 0.0 -1.99999999994
0.61 -1.62603856547e-05 0.0 -1.99999999993
0.62 -1.66761751064e-05 0.0 -1.99999999993
0.63 -1.71001362179e-05 0.0 -1.99999999993
0.64 -1.75324767377e-05 0.0 -1.99999999992
0.65 -1.79734085221e-05 0.0 -1.99999999992
0.66 -1.84231476365e-05 0.0 -1.99999999992
0.67 -1.88819144619e-05 0.0 -1.99999999991
0.68 -1.93499338034e-05 0.0 -1.99999999991
0.69 -1.98274349993e-05 0.0 -1.9999999999
0.7 -2.03146520349e-05 0.0 -1.9999999999
0.71 -2.08118236561e-05 0.0 -1.99999999989
0.72 -2.13191934884e-05 0.0 -1.99999999989
0.73 -2.18370101517e-05 0.0 -1.99999999988
0.74 -2.23655273861e-05 0.0 -1.99999999987
0.75 -2.29050041764e-05 0.0 -1.99999999987
0.76 -2.34557048783e-05 0.0 -1.99999999986
0.77 -2.40178993452e-05 0.0 -1.99999999986
0.78 -2.45918630626e-05 0.0 -1.99999999985
0.79 -2.51778772846e-05 0.0 -1.99999999984
0.8 -2.57762291708e-05 0.0 -1.99999999983
0.81 -2.6387211925e-05 0.0 -1.99999999983
0.82 -2.70111249404e-05 0.0 -1.99999999982
0.83 -2.76482739476e-05 0.0 -1.99999999981
0.84 -2.82989711619e-05 0.0 -1.9999999998
0.85 -2.89635354392e-05 0.0 -1.99999999979
0.86 -2.96422924275e-05 0.0 -1.99999999978
0.87 -3.03355747337e-05 0.0 -1.99999999977
0.88 -3.1043722077e-05 0.0 -1.99999999976
0.89 -3.17670814662e-05 0.0 -1.99999999975
0.9 -3.25060073608e-05 0.0 -1.99999999974
0.91 -3.32608618499e-05 0.0 -1.99999999972
0.92 -3.40320148268e-05 0.0 -1.99999999971
0.93 -3.48198441715e-05 0.0 -1.9999999997
0.94 -3.56247359362e-05 0.0 -1.99999999968
0.95 -3.64470845351e-05 0.0 -1.99999999967
0.96 -3.72872929338e-05 0.0 -1.99999999965
0.97 -3.81457728528e-05 0.0 -1.99999999964
0.98 -3.90229449627e-05 0.0 -1.99999999962
0.99 -3.99192390974e-05 0.0 -1.9999999996
1.0 -4.08350944577e-05 0.0 -1.99999999958
1.01 -4.17709598311e-05 0.0 -1.99999999956
1.02 -4.27272938109e-05 0.0 -1.99999999954
1.03 -4.37045650186e-05 0.0 -1.99999999952
1.04 -4.47032523388e-05 0.0 -1.9999999995
1.05 -4.57238451461e-05 0.0 -1.99999999948
1.06 -4.67668435526e-05 0.0 -1.99999999945
1.07 -4.78327586481e-05 0.0 -1.99999999943
1.08 -4.89221127533e-05 0.0 -1.9999999994
1.09 -5.00354396725e-05 0.0 -1.99999999937
1.1 -5.11732849586e-05 0.0 -1.99999999935
1.11 -5.23362061771e-05 0.0 -1.99999999932
1.12 -5.35247731833e-05 0.0 -1.99999999928
1.13 -5.47395684001e-05 0.0 -1.99999999925
1.14 -5.59811870999e-05 0.0 -1.99999999922
1.15 -5.72502377027e-05 0.0 -1.99999999918
1.16 -5.85473420683e-05 0.0 -1.99999999914
1.17 -5.98731358012e-05 0.0 -1.9999999991
1.18 -6.12282685692e-05 0.0 -1.99999999906
1.19 -6.26134044146e-05 0.0 -1.99999999902
1.2 -6.40292220805e-05 0.0 -1.99999999898
1.21 -6.54764153463e-05 0.0 -1.99999999893
1.22 -6.69556933656e-05 0.0 -1.99999999888
1.23 -6.84677810145e-05 0.0 -1.99999999883
1.24 -7.00134192461e-05 0.0 -1.99999999877
1.25 -7.15933654536e-05 0.0 -1.99999999872
1.26 -7.32083938427e-05 0.0 -1.99999999866
1.27 -7.48592958096e-05 0.0 -1.9999999986
1.28 -7.65468803294e-05 0.0 -1.99999999854
1.29 -7.82719743522e-05 0.0 -1.99999999847
1.3 -8.0035423208e-05 0.0 -1.9999999984
1.31 -8.18380910224e-05 0.0 -1.99999999833
1.32 -8.36808611386e-05 0.0 -1.99999999825
1.33 -8.55646365517e-05 0.0 -1.99999999817
1.34 -8.74903403481e-05 0.0 -1.99999999809
1.35 -8.94589161614e-05 0.0 -1.999999998
1.36 -9.14713286343e-05 0.0 -1.99999999791
1.37 -9.3528563888e-05 0.0 -1.99999999781
1.38 -9.56316300096e-05 0.0 -1.99999999771
1.39 -9.77815575426e-05 0.0 -1.99999999761
1.4 -9.99793999946e-05 0.0 -1.9999999975
1.41 -0.000102226234354 0.0 -1.99999999739
1.42 -0.000104523161613 0.0 -1.99999999727
1.43 -0.000106871307313 0.0 -1.99999999714
1.44 -0.000109271822091 0.0 -1.99999999701
1.45 -0.000111725882248 0.0 -1.99999999688
1.46 -0.000114234690323 0.0 -1.99999999674
1.47 -0.000116799475683 0.0 -1.99999999659
1.48 -0.000119421495121 0.0 -1.99999999643
1.49 -0.000122102033482 0.0 -1.99999999627
1.5 -0.000124842404282 0.0 -1.9999999961
1.51 -0.000127643950357 0.0 -1.99999999593
1.52 -0.000130508044522 0.0 -1.99999999574
1.53 -0.00013343609024 0.0 -1.99999999555
1.54 -0.000136429522311 0.0 -1.99999999535
1.55 -0.000139489807577 0.0 -1.99999999514
1.56 -0.00014261844564 0.0 -1.99999999491
1.57 -0.000145816969594 0.0 -1.99999999468
1.58 -0.000149086946779 0.0 -1.99999999444
1.59 -0.000152429979551 0.0 -1.99999999419
1.6 -0.000155847706063 0.0 -1.99999999393
1.61 -0.000159341801068 0.0 -1.99999999365
1.62 -0.000162913976743 0.0 -1.99999999336
1.63 -0.000166565983526 0.0 -1.99999999306
1.64 -0.000170299610973 0.0 -1.99999999275
1.65 -0.000174116688635 0.0 -1.99999999242
1.66 -0.000178019086957 0.0 -1.99999999208
1.67 -0.000182008718194 0.0 -1.99999999172
1.68 -0.000186087537343 0.0 -1.99999999134
1.69 -0.000190257543108 0.0 -1.99999999095
1.7 -0.000194520778874 0.0 -1.99999999054
1.71 -0.000198879333713 0.0 -1.99999999011
1.72 -0.000203335343403 0.0 -1.99999998966
1.73 -0.000207890991478 0.0 -1.9999999892
1.74 -0.000212548510298 0.0 -1.99999998871
1.75 -0.000217310182138 0.0 -1.99999998819
1.76 -0.000222178340314 0.0 -1.99999998766
1.77 -0.00022715537032 0.0 -1.9999999871
1.78 -0.000232243711001 0.0 -1.99999998652
1.79 -0.000237445855745 0.0 -1.9999999859
1.8 -0.000242764353706 0.0 -1.99999998527
1.81 -0.000248201811056 0.0 -1.9999999846
1.82 -0.000253760892257 0.0 -1.9999999839
1.83 -0.000259444321369 0.0 -1.99999998317
1.84 -0.000265254883387 0.0 -1.99999998241
1.85 -0.000271195425601 0.0 -1.99999998161
1.86 -0.000277268858998 0.0 -1.99999998078
1.87 -0.00028347815968 0.0 -1.99999997991
1.88 -0.000289826370327 0.0 -1.999999979
1.89 -0.000296316601691 0.0 -1.99999997805
1.9 -0.000302952034114 0.0 -1.99999997706
1.91 -0.00030973591909 0.0 -1.99999997602
1.92 -0.000316671580858 0.0 -1.99999997493
1.93 -0.000323762418032 0.0 -1.99999997379
1.94 -0.000331011905262 0.0 -1.99999997261
1.95 -0.000338423594942 0.0 -1.99999997137
1.96 -0.000346001118948 0.0 -1.99999997007
1.97 -0.000353748190418 0.0 -1.99999996872
1.98 -0.000361668605571 0.0 -1.9999999673
1.99 -0.000369766245569 0.0 -1.99999996582
2.0 -0.000378045078417 0.0 -1.99999996427
2.01 -0.000386509160907 0.0 -1.99999996265
2.02 -0.000395162640609 0.0 -1.99999996096
2.03 -0.0004040097579 0.0 -1.99999995919
2.04 -0.000413054848044 0.0 -1.99999995735
2.05 -0.000422302343316 0.0 -1.99999995542
2.06 -0.000431756775171 0.0 -1.9999999534
2.07 -0.000441422776471 0.0 -1.99999995129
2.08 -0.000451305083747 0.0 -1.99999994908
2.09 -0.000461408539529 0.0 -1.99999994678
2.1 -0.000471738094709 0.0 -1.99999994437
2.11 -0.000482298810975 0.0 -1.99999994185
2.12 -0.000493095863288 0.0 -1.99999993921
2.13 -0.000504134542419 0.0 -1.99999993646
2.14 -0.000515420257539 0.0 -1.99999993359
2.15 -0.000526958538872 0.0 -1.99999993058
2.16 -0.000538755040406 0.0 -1.99999992744
2.17 -0.000550815542662 0.0 -1.99999992415
2.18 -0.000563145955524 0.0 -1.99999992072
2.19 -0.00057575232114 0.0 -1.99999991713
2.2 -0.000588640816877 0.0 -1.99999991338
2.21 -0.000601817758356 0.0 -1.99999990945
2.22 -0.000615289602538 0.0 -1.99999990535
2.23 -0.000629062950894 0.0 -1.99999990107
2.24 -0.000643144552638 0.0 -1.99999989659
2.25 -0.000657541308031 0.0 -1.99999989191
2.26 -0.000672260271769 0.0 -1.99999988702
2.27 -0.000687308656436 0.0 -1.9999998819
2.28 -0.000702693836038 0.0 -1.99999987656
2.29 -0.000718423349615 0.0 -1.99999987097
2.3 -0.00073450490494 0.0 -1.99999986513
2.31 -0.000750946382293 0.0 -1.99999985902
2.32 -0.000767755838321 0.0 -1.99999985264
2.33 -0.000784941509987 0.0 -1.99999984597
2.34 -0.000802511818612 0.0 -1.99999983899
2.35 -0.000820475373991 0.0 -1.99999983171
2.36 -0.000838840978616 0.0 -1.99999982409
2.37 -0.000857617631997 0.0 -1.99999981612
2.38 -0.000876814535062 0.0 -1.9999998078
2.39 -0.000896441094669 0.0 -1.9999997991
2.4 -0.000916506928217 0.0 -1.99999979
2.41 -0.000937021868357 0.0 -1.9999997805
2.42 -0.000957995967809 0.0 -1.99999977056
2.43 -0.000979439504294 0.0 -1.99999976017
2.44 -0.00100136298556 0.0 -1.99999974932
2.45 -0.00102377715454 0.0 -1.99999973797
2.46 -0.00104669299462 0.0 -1.99999972611
2.47 -0.00107012173499 0.0 -1.99999971371
2.48 -0.0010940748562 0.0 -1.99999970075
2.49 -0.00111856409574 0.0 -1.9999996872
2.5 -0.00114360145381 0.0 -1.99999967304
2.51 -0.00116919919921 0.0 -1.99999965824
2.52 -0.0011953698753 0.0 -1.99999964277
2.53 -0.00122212630625 0.0 -1.9999996266
2.54 -0.0012494816032 0.0 -1.9999996097
2.55 -0.00127744917078 0.0 -1.99999959203
2.56 -0.00130604271363 0.0 -1.99999957356
2.57 -0.00133527624313 0.0 -1.99999955426
2.58 -0.00136516408427 0.0 -1.99999953408
2.59 -0.00139572088266 0.0 -1.99999951299
2.6 -0.00142696161171 0.0 -1.99999949095
2.61 -0.00145890157996 0.0 -1.9999994679
2.62 -0.00149155643861 0.0 -1.99999944381
2.63 -0.00152494218916 0.0 -1.99999941864
2.64 -0.00155907519123 0.0 -1.99999939232
2.65 -0.00159397217065 0.0 -1.99999936481
2.66 -0.00162965022758 0.0 -1.99999933606
2.67 -0.00166612684493 0.0 -1.99999930601
2.68 -0.00170341989692 0.0 -1.99999927459
2.69 -0.00174154765784 0.0 -1.99999924175
2.7 -0.00178052881099 0.0 -1.99999920743
2.71 -0.00182038245784 0.0 -1.99999917155
2.72 -0.00186112812742 0.0 -1.99999913405
2.73 -0.00190278578582 0.0 -1.99999909485
2.74 -0.00194537584607 0.0 -1.99999905388
2.75 -0.00198891917806 0.0 -1.99999901105
2.76 -0.00203343711879 0.0 -1.99999896628
2.77 -0.00207895148286 0.0 -1.99999891949
2.78 -0.00212548457309 0.0 -1.99999887058
2.79 -0.00217305919153 0.0 -1.99999881945
2.8 -0.00222169865057 0.0 -1.99999876601
2.81 -0.00227142678439 0.0 -1.99999871015
2.82 -0.00232226796062 0.0 -1.99999865177
2.83 -0.00237424709232 0.0 -1.99999859074
2.84 -0.00242738965014 0.0 -1.99999852694
2.85 -0.00248172167482 0.0 -1.99999846026
2.86 -0.00253726978998 0.0 -1.99999839056
2.87 -0.0025940612151 0.0 -1.99999831771
2.88 -0.00265212377891 0.0 -1.99999824156
2.89 -0.00271148593301 0.0 -1.99999816196
2.9 -0.0027721767658 0.0 -1.99999807876
2.91 -0.00283422601676 0.0 -1.99999799179
2.92 -0.002897664091 0.0 -1.99999790088
2.93 -0.00296252207415 0.0 -1.99999780586
2.94 -0.00302883174761 0.0 -1.99999770654
2.95 -0.00309662560412 0.0 -1.99999760273
2.96 -0.00316593686368 0.0 -1.99999749421
2.97 -0.00323679948981 0.0 -1.99999738078
2.98 -0.00330924820623 0.0 -1.99999726222
2.99 -0.00338331851383 0.0 -1.99999713829
3.0 -0.00345904670807 0.0 -1.99999700875
3.01 -0.0035364698968 0.0 -1.99999687334
3.02 -0.00361562601841 0.0 -1.99999673181
3.03 -0.00369655386042 0.0 -1.99999658387
3.04 -0.00377929307851 0.0 -1.99999642923
3.05 -0.0038638842159 0.0 -1.9999962676
3.06 -0.00395036872327 0.0 -1.99999609864
3.07 -0.00403878897902 0.0 -1.99999592204
3.08 -0.00412918831007 0.0 -1.99999573745
3.09 -0.00422161101307 0.0 -1.9999955445
3.1 -0.00431610237611 0.0 -1.99999534281
3.11 -0.0044127087009 0.0 -1.99999513199
3.12 -0.00451147732544 0.0 -1.99999491164
3.13 -0.00461245664727 0.0 -1.9999946813
3.14 -0.0047156961471 0.0 -1.99999444054
3.15 -0.00482124641313 0.0 -1.99999418889
3.16 -0.00492915916576 0.0 -1.99999392584
3.17 -0.005039487283 0.0 -1.99999365088
3.18 -0.00515228482631 0.0 -1.99999336348
3.19 -0.00526760706714 0.0 -1.99999306307
3.2 -0.00538551051396 0.0 -1.99999274906
3.21 -0.00550605293998 0.0 -1.99999242083
3.22 -0.00562929341143 0.0 -1.99999207775
3.23 -0.00575529231649 0.0 -1.99999171914
3.24 -0.0058841113949 0.0 -1.99999134429
3.25 -0.00601581376818 0.0 -1.99999095248
3.26 -0.00615046397055 0.0 -1.99999054293
3.27 -0.00628812798057 0.0 -1.99999011484
3.28 -0.0064288732534 0.0 -1.99998966737
3.29 -0.00657276875393 0.0 -1.99998919965
3.3 -0.00671988499046 0.0 -1.99998871075
3.31 -0.00687029404931 0.0 -1.99998819973
3.32 -0.0070240696301 0.0 -1.99998766557
3.33 -0.00718128708185 0.0 -1.99998710724
3.34 -0.00734202343988 0.0 -1.99998652363
3.35 -0.00750635746354 0.0 -1.9999859136
3.36 -0.00767436967481 0.0 -1.99998527596
3.37 -0.00784614239769 0.0 -1.99998460945
3.38 -0.00802175979855 0.0 -1.99998391278
3.39 -0.00820130792732 0.0 -1.99998318457
3.4 -0.00838487475968 0.0 -1.99998242339
3.41 -0.00857255024007 0.0 -1.99998162776
3.42 -0.0087644263258 0.0 -1.99998079612
3.43 -0.00896059703204 0.0 -1.99997992682
3.44 -0.00916115847785 0.0 -1.99997901818
3.45 -0.00936620893329 0.0 -1.99997806841
3.46 -0.00957584886748 0.0 -1.99997707565
3.47 -0.00979018099779 0.0 -1.99997603795
3.48 -0.0100093103402 0.0 -1.99997495327
3.49 -0.0102333442606 0.0 -1.99997381949
3.5 -0.0104623925274 0.0 -1.9999726344
3.51 -0.0106965673655 0.0 -1.99997139566
3.52 -0.0109359835105 0.0 -1.99997010084
3.53 -0.0111807582659 0.0 -1.99996874742
3.54 -0.0114310115596 0.0 -1.99996733273
3.55 -0.0116868660031 0.0 -1.999965854
3.56 -0.0119484469514 0.0 -1.99996430834
3.57 -0.0122158825642 0.0 -1.99996269271
3.58 -0.0124893038687 0.0 -1.99996100394
3.59 -0.012768844824 0.0 -1.99995923874
3.6 -0.013054642386 0.0 -1.99995739362
3.61 -0.0133468365749 0.0 -1.99995546499
3.62 -0.0136455705438 0.0 -1.99995344906
3.63 -0.0139509906482 0.0 -1.99995134187
3.64 -0.0142632465181 0.0 -1.9999491393
3.65 -0.0145824911307 0.0 -1.99994683703
3.66 -0.0149088808857 0.0 -1.99994443055
3.67 -0.0152425756815 0.0 -1.99994191513
3.68 -0.0155837389933 0.0 -1.99993928585
3.69 -0.0159325379534 0.0 -1.99993653755
3.7 -0.0162891434323 0.0 -1.99993366485
3.71 -0.016653730123 0.0 -1.99993066212
3.72 -0.0170264766255 0.0 -1.99992752346
3.73 -0.0174075655349 0.0 -1.99992424273
3.74 -0.0177971835301 0.0 -1.9999208135
3.75 -0.018195521465 0.0 -1.99991722904
3.76 -0.0186027744621 0.0 -1.99991348232
3.77 -0.0190191420075 0.0 -1.99990956601
3.78 -0.0194448280483 0.0 -1.99990547243
3.79 -0.0198800410924 0.0 -1.99990119355
3.8 -0.0203249943101 0.0 -1.99989672098
3.81 -0.0207799056382 0.0 -1.99989204597
3.82 -0.0212449978863 0.0 -1.99988715933
3.83 -0.0217204988458 0.0 -1.9998820515
3.84 -0.0222066414005 0.0 -1.99987671247
3.85 -0.0227036636407 0.0 -1.99987113176
3.86 -0.0232118089791 0.0 -1.99986529844
3.87 -0.0237313262693 0.0 -1.99985920108
3.88 -0.0242624699273 0.0 -1.99985282772
3.89 -0.0248055000554 0.0 -1.99984616588
3.9 -0.025360682569 0.0 -1.99983920248
3.91 -0.0259282893261 0.0 -1.99983192389
3.92 -0.0265085982593 0.0 -1.99982431584
3.93 -0.0271018935117 0.0 -1.99981636341
3.94 -0.0277084655747 0.0 -1.99980805102
3.95 -0.0283286114294 0.0 -1.99979936238
3.96 -0.0289626346913 0.0 -1.99979028045
3.97 -0.0296108457574 0.0 -1.99978078744
3.98 -0.0302735619576 0.0 -1.99977086474
3.99 -0.0309511077083 0.0 -1.99976049289
4.0 -0.0316438146703 0.0 -1.99974965158
4.01 -0.0323520219096 0.0 -1.99973831955
4.02 -0.0330760760619 0.0 -1.99972647459
4.03 -0.033816331501 0.0 -1.9997140935
4.04 -0.0345731505101 0.0 -1.99970115199
4.05 -0.0353469034575 0.0 -1.99968762471
4.06 -0.036137968976 0.0 -1.99967348515
4.07 -0.0369467341461 0.0 -1.99965870559
4.08 -0.0377735946834 0.0 -1.99964325707
4.09 -0.0386189551293 0.0 -1.99962710931
4.1 -0.0394832290471 0.0 -1.99961023068
4.11 -0.0403668392215 0.0 -1.99959258808
4.12 -0.041270217862 0.0 -1.99957414694
4.13 -0.0421938068121 0.0 -1.99955487113
4.14 -0.0431380577617 0.0 -1.99953472287
4.15 -0.0441034324643 0.0 -1.99951366268
4.16 -0.0450904029598 0.0 -1.99949164929
4.17 -0.0460994518006 0.0 -1.99946863955
4.18 -0.0471310722837 0.0 -1.99944458839
4.19 -0.0481857686872 0.0 -1.99941944866
4.2 -0.049264056512 0.0 -1.99939317112
4.21 -0.0503664627285 0.0 -1.99936570428
4.22 -0.0514935260287 0.0 -1.9993369943
4.23 -0.0526457970835 0.0 -1.99930698494
4.24 -0.0538238388053 0.0 -1.99927561741
4.25 -0.0550282266165 0.0 -1.99924283024
4.26 -0.0562595487229 0.0 -1.9992085592
4.27 -0.0575184063939 0.0 -1.99917273714
4.28 -0.0588054142472 0.0 -1.99913529388
4.29 -0.0601212005406 0.0 -1.99909615608
4.3 -0.0614664074688 0.0 -1.99905524705
4.31 -0.0628416914673 0.0 -1.99901248666
4.32 -0.0642477235215 0.0 -1.99896779114
4.33 -0.0656851894828 0.0 -1.99892107295
4.34 -0.0671547903909 0.0 -1.99887224057
4.35 -0.0686572428024 0.0 -1.99882119836
4.36 -0.0701932791264 0.0 -1.99876784634
4.37 -0.0717636479664 0.0 -1.99871208002
4.38 -0.0733691144691 0.0 -1.99865379019
4.39 -0.0750104606802 0.0 -1.99859286269
4.4 -0.076688485907 0.0 -1.9985291782
4.41 -0.0784040070881 0.0 -1.99846261203
4.42 -0.0801578591703 0.0 -1.99839303382
4.43 -0.0819508954927 0.0 -1.99832030734
4.44 -0.0837839881779 0.0 -1.9982442902
4.45 -0.0856580285308 0.0 -1.99816483358
4.46 -0.0875739274449 0.0 -1.99808178192
4.47 -0.0895326158158 0.0 -1.99799497264
4.48 -0.0915350449622 0.0 -1.99790423583
4.49 -0.0935821870552 0.0 -1.99780939388
4.5 -0.0956750355547 0.0 -1.99771026117
4.51 -0.0978146056532 0.0 -1.99760664369
4.52 -0.100001934728 0.0 -1.99749833869
4.53 -0.102238082801 0.0 -1.99738513423
4.54 -0.104524133007 0.0 -1.99726680882
4.55 -0.106861192065 0.0 -1.99714313098
4.56 -0.109250390767 0.0 -1.99701385877
4.57 -0.111692884464 0.0 -1.99687873932
4.58 -0.114189853568 0.0 -1.99673750837
4.59 -0.116742504053 0.0 -1.99658988972
4.6 -0.119352067975 0.0 -1.99643559472
4.61 -0.122019803988 0.0 -1.99627432169
4.62 -0.124746997874 0.0 -1.99610575534
4.63 -0.127534963081 0.0 -1.99592956619
4.64 -0.13038504126 0.0 -1.99574540987
4.65 -0.133298602822 0.0 -1.99555292651
4.66 -0.136277047489 0.0 -1.99535174
4.67 -0.139321804861 0.0 -1.99514145731
4.68 -0.142434334979 0.0 -1.99492166769
4.69 -0.145616128908 0.0 -1.99469194188
4.7 -0.148868709313 0.0 -1.9944518313
4.71 -0.152193631044 0.0 -1.99420086718
4.72 -0.155592481731 0.0 -1.99393855964
4.73 -0.159066882376 0.0 -1.99366439677
4.74 -0.162618487953 0.0 -1.99337784361
4.75 -0.16624898801 0.0 -1.99307834116
4.76 -0.169960107275 0.0 -1.99276530528
4.77 -0.173753606262 0.0 -1.99243812559
4.78 -0.177631281882 0.0 -1.99209616427
4.79 -0.181594968047 0.0 -1.99173875485
4.8 -0.185646536285 0.0 -1.99136520095
4.81 -0.189787896341 0.0 -1.99097477493
4.82 -0.194020996785 0.0 -1.99056671649
4.83 -0.198347825616 0.0 -1.99014023126
4.84 -0.202770410854 0.0 -1.98969448923
4.85 -0.207290821131 0.0 -1.98922862323
4.86 -0.211911166278 0.0 -1.98874172723
4.87 -0.216633597896 0.0 -1.98823285464
4.88 -0.221460309919 0.0 -1.98770101653
4.89 -0.226393539165 0.0 -1.98714517976
4.9 -0.231435565876 0.0 -1.98656426497
4.91 -0.236588714229 0.0 -1.98595714463
4.92 -0.241855352846 0.0 -1.98532264086
4.93 -0.247237895267 0.0 -1.98465952323
4.94 -0.252738800403 0.0 -1.98396650646
4.95 -0.258360572973 0.0 -1.98324224802
4.96 -0.26410576389 0.0 -1.98248534559
4.97 -0.269976970635 0.0 -1.98169433448
4.98 -0.275976837578 0.0 -1.98086768491
4.99 -0.282108056267 0.0 -1.98000379914
5.0 -0.288373365672 0.0 -1.97910100853
5.01 -0.294775552373 0.0 -1.9781575705
5.02 -0.301317450699 0.0 -1.97717166526
5.03 -0.308001942811 0.0 -1.97614139252
5.04 -0.314831958712 0.0 -1.97506476799
5.05 -0.321810476196 0.0 -1.9739397198
5.06 -0.328940520711 0.0 -1.97276408469
5.07 -0.336225165149 0.0 -1.97153560412
5.08 -0.343667529535 0.0 -1.97025192022
5.09 -0.351270780629 0.0 -1.96891057153
5.1 -0.359038131413 0.0 -1.96750898859
5.11 -0.366972840469 0.0 -1.96604448941
5.12 -0.375078211232 0.0 -1.96451427469
5.13 -0.383357591105 0.0 -1.96291542287
5.14 -0.39181437044 0.0 -1.96124488505
5.15 -0.400451981351 0.0 -1.95949947962
5.16 -0.409273896368 0.0 -1.9576758868
5.17 -0.41828362691 0.0 -1.95577064286
5.18 -0.427484721562 0.0 -1.95378013421
5.19 -0.436880764147 0.0 -1.95170059126
5.2 -0.446475371572 0.0 -1.94952808202
5.21 -0.456272191434 0.0 -1.94725850552
5.22 -0.466274899376 0.0 -1.94488758498
5.23 -0.476487196159 0.0 -1.94241086073
5.24 -0.486912804444 0.0 -1.93982368293
5.25 -0.49755546526 0.0 -1.937121204
5.26 -0.508418934133 0.0 -1.93429837084
5.27 -0.519506976854 0.0 -1.93134991677
5.28 -0.530823364866 0.0 -1.92827035327
5.29 -0.542371870236 0.0 -1.92505396142
5.3 -0.554156260193 0.0 -1.92169478307
5.31 -0.566180291195 0.0 -1.91818661185
5.32 -0.578447702504 0.0 -1.91452298379
5.33 -0.590962209227 0.0 -1.91069716786
5.34 -0.603727494793 0.0 -1.90670215609
5.35 -0.616747202834 0.0 -1.90253065358
5.36 -0.63002492843 0.0 -1.89817506821
5.37 -0.643564208671 0.0 -1.89362750015
5.38 -0.657368512508 0.0 -1.88887973115
5.39 -0.671441229842 0.0 -1.88392321363
5.4 -0.685785659803 0.0 -1.87874905956
5.41 -0.700404998178 0.0 -1.87334802921
5.42 -0.715302323936 0.0 -1.86771051969
5.43 -0.730480584795 0.0 -1.86182655348
5.44 -0.745942581785 0.0 -1.85568576669
5.45 -0.761690952737 0.0 -1.8492773974
5.46 -0.777728154663 0.0 -1.84259027389
5.47 -0.794056444939 0.0 -1.83561280292
5.48 -0.810677861257 0.0 -1.82833295799
5.49 -0.827594200259 0.0 -1.82073826776
5.5 -0.844806994801 0.0 -1.81281580464
5.51 -0.86231748978 0.0 -1.80455217348
5.52 -0.880126616452 0.0 -1.79593350072
5.53 -0.898234965163 0.0 -1.78694542372
5.54 -0.916642756452 0.0 -1.77757308065
5.55 -0.935349810412 0.0 -1.76780110085
5.56 -0.954355514285 0.0 -1.75761359586
5.57 -0.973658788177 0.0 -1.74699415117
5.58 -0.993258048866 0.0 -1.7359258188
5.59 -1.01315117159 0.0 -1.72439111094
5.6 -1.0333354498 0.0 -1.71237199469
5.61 -1.05380755276 0.0 -1.699849888
5.62 -1.07456348098 0.0 -1.68680565725
5.63 -1.09559851942 0.0 -1.67321961626
5.64 -1.11690718837 0.0 -1.65907152726
5.65 -1.13848319207 0.0 -1.64434060382
5.66 -1.1603193649 0.0 -1.62900551609
5.67 -1.18240761521 0.0 -1.61304439849
5.68 -1.2047388668 0.0 -1.59643486019
5.69 -1.22730299797 0.0 -1.57915399856
5.7 -1.25008877817 0.0 -1.56117841604
5.71 -1.2730838024 0.0 -1.54248424046
5.72 -1.29627442324 0.0 -1.52304714951
5.73 -1.31964568078 0.0 -1.50284239932
5.74 -1.3431812303 0.0 -1.48184485779
5.75 -1.36686326819 0.0 -1.46002904289
5.76 -1.39067245586 0.0 -1.4373691664
5.77 -1.41458784221 0.0 -1.41383918346
5.78 -1.43858678465 0.0 -1.3894128483
5.79 -1.46264486904 0.0 -1.36406377676
5.8 -1.48673582888 0.0 -1.33776551575
5.81 -1.51083146408 0.0 -1.3104916204
5.82 -1.53490155982 0.0 -1.28221573912
5.83 -1.55891380584 0.0 -1.25291170717
5.84 -1.58283371686 0.0 -1.22255364904
5.85 -1.60662455461 0.0 -1.19111609028
5.86 -1.6302472523 0.0 -1.15857407893
5.87 -1.65366034204 0.0 -1.12490331725
5.88 -1.67681988636 0.0 -1.09008030379
5.89 -1.69967941439 0.0 -1.05408248647
5.9 -1.72218986401 0.0 -1.01688842667
5.91 -1.74429953076 0.0 -0.978477974701
5.92 -1.7659540249 0.0 -0.9388324568
5.93 -1.78709623764 0.0 -0.897934873708
5.94 -1.80766631806 0.0 -0.855770110808
5.95 -1.82760166198 0.0 -0.812325159724
5.96 -1.8468369143 0.0 -0.767589351135
5.97 -1.86530398635 0.0 -0.721554598421
5.98 -1.88293208988 0.0 -0.67421565162
5.99 -1.89964778931 0.0 -0.625570360996
6.0 -1.91537507395 0.0 -0.575619949357
6.01 -1.9300354519 0.0 -0.524369292021
6.02 -1.94354806741 0.0 -0.471827203168
6.03 -1.95582984335 0.0 -0.418006727043
6.04 -1.96679565045 0.0 -0.362925432258
6.05 -1.97635850501 0.0 -0.306605707183
6.06 -1.98442979654 0.0 -0.249075054144
6.07 -1.99091954669 0.0 -0.190366379901
6.08 -1.99573670074 0.0 -0.130518279565
6.09 -1.99878945267 0.0 -0.0695753109034
6.1 -1.99998560454 0.0 -0.00758825565478
6.11 -1.99923296075 0.0 0.0553856357393
6.12 -1.99643975725 0.0 0.119282419826
6.13 -1.99151512553 0.0 0.184031260314
6.14 -1.98436959078 0.0 0.249554256972
6.15 -1.974915603 0.0 0.315766307625
6.16 -1.96306809954 0.0 0.382575007746
6.17 -1.94874509693 0.0 0.44988059216
6.18 -1.93186830906 0.0 0.51757592338
6.19 -1.91236378862 0.0 0.585546530996
6.2 -1.89016258762 0.0 0.653670706378
6.21 -1.86520143234 0.0 0.721819656704
6.22 -1.83742340766 0.0 0.789857721982
6.23 -1.80677864462 0.0 0.857642658304
6.24 -1.77322500483 0.0 0.92502599004
6.25 -1.7367287547 0.0 0.991853433031
6.26 -1.69726522184 0.0 1.05796539015
6.27 -1.65481942572 0.0 1.1231975197
6.28 -1.60938667418 0.0 1.18738137638
6.29 -1.56097311727 0.0 1.25034512322
6.3 -1.50959624971 0.0 1.31191431232
6.31 -1.4552853533 0.0 1.37191273063
6.32 -1.39808187087 0.0 1.43016330618
6.33 -1.33803970336 0.0 1.48648906899
6.34 -1.27522542274 0.0 1.54071415947
6.35 -1.20971839333 0.0 1.5926648765
6.36 -1.14161079566 0.0 1.64217075581
6.37 -1.07100754749 0.0 1.68906566871
6.38 -0.998026117948 0.0 1.73318893024
6.39 -0.92279623216 0.0 1.7743864049
6.4 -0.845459464774 0.0 1.81251159815
6.41 -0.766168722706 0.0 1.8474267207
6.42 -0.685087618728 0.0 1.87900371332
6.43 -0.602389739243 0.0 1.90712521929
6.44 -0.518257811192 0.0 1.93168549229
6.45 -0.432882774639 0.0 1.95259122794
6.46 -0.346462769102 0.0 1.9697623079
6.47 -0.259202043138 0.0 1.98313244662
6.48 -0.171309797983 0.0 1.99264973167
6.49 -0.0829989771895 0.0 1.99827705031
6.5 0.00551498485592 0.0 1.99999239622
6.51 0.0940154419478 0.0 1.9977890521
6.52 0.182285828503 0.0 1.99167564546
6.53 0.270110951112 0.0 1.98167607698
6.54 0.357278264877 0.0 1.96782932223
6.55 0.443579120509 0.0 1.95018910977
6.56 0.528809968648 0.0 1.92882348002
6.57 0.612773508632 0.0 1.90381423125
6.58 0.69527976992 0.0 1.87525626023
6.59 0.776147115503 0.0 1.84325680661
6.6 0.855203157985 0.0 1.80793461125
6.61 0.932285580429 0.0 1.76941899971
6.62 1.00724285564 0.0 1.72784890247
6.63 1.07993485913 0.0 1.68337182466
6.64 1.15023337263 0.0 1.63614277754
6.65 1.21802247668 0.0 1.58632318469
6.66 1.28319883232 0.0 1.53407977522
6.67 1.34567185337 0.0 1.4795834762
6.68 1.40536377241 0.0 1.42300831592
6.69 1.46220960449 0.0 1.3645303487
6.7 1.51615701396 0.0 1.30432661133
6.71 1.56716609076 0.0 1.24257412011
6.72 1.61520904329 0.0 1.17944891644
6.73 1.66026981547 0.0 1.11512516779
6.74 1.70234363641 0.0 1.04977432983
6.75 1.74143651107 0.0 0.983564374058
6.76 1.7775646606 0.0 0.91665908461
6.77 1.81075392114 0.0 0.849217426276
6.78 1.8410391095 0.0 0.781392985171
6.79 1.86846336413 0.0 0.713333482244
6.8 1.89307746919 0.0 0.64518035901
6.81 1.91493916937 0.0 0.577068434071
6.82 1.93411248241 0.0 0.50912562828
6.83 1.95066701565 0.0 0.441472755742
6.84 1.96467729254 0.0 0.374223377392
6.85 1.9762220943 0.0 0.307483713402
6.86 1.98538382119 0.0 0.241352610394
6.87 1.99224787741 0.0 0.175921559148
6.88 1.99690208276 0.0 0.111274758401
6.89 1.999436114 0.0 0.0474892201781
6.9 1.99994097765 0.0 -0.0153650878368
6.91 1.99850851611 0.0 -0.0772250673813
6.92 1.99523094797 0.0 -0.138034286513
6.93 1.99020044313 0.0 -0.197742752539
6.94 1.98350873289 0.0 -0.256306665014
6.95 1.97524675494 0.0 -0.313688152614
6.96 1.96550433244 0.0 -0.36985499746
6.97 1.95436988671 0.0 -0.424780350216
6.98 1.94193018221 0.0 -0.478442439003
6.99 1.92827010275 0.0 -0.53082427492
7.0 1.91347245743 0.0 -0.581913356668
7.01 1.89761781476 0.0 -0.631701376528
7.02 1.88078436345 0.0 -0.680183929678
7.03 1.86304779808 0.0 -0.727360228551
7.04 1.84448122795 0.0 -0.77323282376
7.05 1.82515510749 0.0 -0.817807332814
7.06 1.80513718634 0.0 -0.861092177708
7.07 1.78449247753 0.0 -0.903098332208
7.08 1.76328324212 0.0 -0.943839079534
7.09 1.74156898857 0.0 -0.983329780928
7.1 1.71940648545 0.0 -1.02158765547
7.11 1.69684978596 0.0 -1.05863157136
7.12 1.67395026289 0.0 -1.09448184881
7.13 1.65075665263 0.0 -1.12916007448
7.14 1.62731510715 0.0 -1.16268892746
7.15 1.60366925274 0.0 -1.19509201647
7.16 1.57986025431 0.0 -1.22639372831
7.17 1.5559268846 0.0 -1.25661908698
7.18 1.53190559703 0.0 -1.28579362333
7.19 1.50783060163 0.0 -1.31394325478
7.2 1.48373394328 0.0 -1.34109417475
7.21 1.45964558141 0.0 -1.36727275138
7.22 1.43559347081 0.0 -1.39250543503
7.23 1.41160364279 0.0 -1.41681867424
7.24 1.38770028642 0.0 -1.44023883959
7.25 1.36390582924 0.0 -1.46279215508
7.26 1.3402410172 0.0 -1.48450463651
7.27 1.31672499345 0.0 -1.50540203654
7.28 1.29337537579 0.0 -1.52550979587
7.29 1.2702083324 0.0 -1.54485300022
7.3 1.24723865582 0.0 -1.56345634267
7.31 1.2244798349 0.0 -1.58134409093
7.32 1.20194412469 0.0 -1.59854005928
7.33 1.17964261407 0.0 -1.61506758468
7.34 1.1575852911 0.0 -1.63094950683
7.35 1.13578110606 0.0 -1.64620815182
7.36 1.1142380321 0.0 -1.66086531899
7.37 1.09296312347 0.0 -1.67494227087
7.38 1.07196257139 0.0 -1.68845972577
7.39 1.05124175755 0.0 -1.70143785287
7.4 1.03080530523 0.0 -1.71389626953
7.41 1.01065712811 0.0 -1.72585404059
7.42 0.990800476772 0.0 -1.73732967949
7.43 0.971237983037 0.0 -1.74834115101
7.44 0.951971702049 0.0 -1.75890587539
7.45 0.933003152292 0.0 -1.76904073379
7.46 0.91433335353 0.0 -1.77876207476
7.47 0.895962862774 0.0 -1.78808572181
7.48 0.877891808313 0.0 -1.79702698168
7.49 0.86011992191 0.0 -1.8056006535
7.5 0.842646569206 0.0 -1.81382103842
7.51 0.825470778424 0.0 -1.82170194982
7.52 0.808591267426 0.0 -1.82925672398
7.53 0.792006469207 0.0 -1.83649823107
7.54 0.775714555886 0.0 -1.84343888637
7.55 0.759713461269 0.0 -1.85009066177
7.56 0.744000902041 0.0 -1.85646509737
7.57 0.728574397667 0.0 -1.86257331321
7.58 0.713431289046 0.0 -1.86842602096
7.59 0.698568756 0.0 -1.87403353576
7.6 0.683983833638 0.0 -1.87940578783
7.61 0.669673427673 0.0 -1.88455233418
7.62 0.655634328728 0.0 -1.88948237012
7.63 0.641863225698 0.0 -1.89420474065
7.64 0.628356718213 0.0 -1.89872795173
7.65 0.615111328255 0.0 -1.90306018135
7.66 0.60212351097 0.0 -1.90720929044
7.67 0.589389664733 0.0 -1.91118283351
7.68 0.576906140487 0.0 -1.91498806917
7.69 0.564669250428 0.0 -1.91863197034
7.7 0.552675276042 0.0 -1.92212123428
7.71 0.540920475557 0.0 -1.92546229231
7.72 0.529401090832 0.0 -1.92866131942
7.73 0.518113353722 0.0 -1.93172424344
7.74 0.50705349195 0.0 -1.93465675413
7.75 0.496217734511 0.0 -1.93746431192
7.76 0.485602316648 0.0 -1.94015215642
7.77 0.47520348442 0.0 -1.9427253147
7.78 0.465017498882 0.0 -1.9451886093
7.79 0.455040639913 0.0 -1.94754666594
7.8 0.445269209712 0.0 -1.94980392114
7.81 0.435699535979 0.0 -1.95196462938
7.82 0.426327974798 0.0 -1.95403287022
7.83 0.417150913258 0.0 -1.95601255506
7.84 0.408164771816 0.0 -1.95790743373
7.85 0.399366006413 0.0 -1.9597211008
7.86 0.390751110385 0.0 -1.96145700175
7.87 0.382316616158 0.0 -1.96311843886
7.88 0.37405909675 0.0 -1.9647085769
7.89 0.365975167098 0.0 -1.96623044862
7.9 0.358061485224 0.0 -1.96768696006
7.91 0.350314753234 0.0 -1.96908089566
7.92 0.342731718189 0.0 -1.97041492314
7.93 0.335309172833 0.0 -1.97169159825
7.94 0.328043956203 0.0 -1.97291336931
7.95 0.320932954124 0.0 -1.9740825816
7.96 0.3139730996 0.0 -1.97520148155
7.97 0.30716137311 0.0 -1.97627222084
7.98 0.300494802808 0.0 -1.97729686023
7.99 0.293970464648 0.0 -1.97827737335
8.0 0.287585482431 0.0 -1.97921565028
8.01 0.28133702778 0.0 -1.98011350099
8.02 0.275222320055 0.0 -1.98097265871
8.03 0.269238626206 0.0 -1.98179478306
8.04 0.263383260576 0.0 -1.98258146316
8.05 0.257653584652 0.0 -1.98333422053
8.06 0.252047006773 0.0 -1.98405451195
8.07 0.246560981799 0.0 -1.98474373214
8.08 0.241193010743 0.0 -1.98540321637
8.09 0.235940640367 0.0 -1.98603424296
8.1 0.230801462752 0.0 -1.98663803568
8.11 0.225773114842 0.0 -1.98721576599
8.12 0.220853277957 0.0 -1.98776855534
8.13 0.216039677296 0.0 -1.9882974772
8.14 0.211330081411 0.0 -1.9888035591
8.15 0.206722301672 0.0 -1.98928778461
8.16 0.202214191712 0.0 -1.98975109515
8.17 0.197803646865 0.0 -1.99019439183
8.18 0.193488603588 0.0 -1.99061853711
8.19 0.18926703888 0.0 -1.99102435645
8.2 0.185136969687 0.0 -1.99141263993
8.21 0.181096452308 0.0 -1.99178414367
8.22 0.17714358179 0.0 -1.99213959135
8.23 0.173276491325 0.0 -1.99247967557
8.24 0.169493351644 0.0 -1.99280505914
8.25 0.165792370403 0.0 -1.99311637641
8.26 0.162171791579 0.0 -1.99341423443
8.27 0.15862989486 0.0 -1.99369921414
8.28 0.155164995037 0.0 -1.9939718715
8.29 0.1517754414 0.0 -1.99423273852
8.3 0.148459617138 0.0 -1.99448232433
8.31 0.145215938737 0.0 -1.99472111613
8.32 0.142042855387 0.0 -1.99494958012
8.33 0.138938848392 0.0 -1.99516816244
8.34 0.135902430585 0.0 -1.99537728998
8.35 0.132932145745 0.0 -1.99557737125
8.36 0.130026568026 0.0 -1.99576879713
8.37 0.127184301389 0.0 -1.99595194168
8.38 0.124403979035 0.0 -1.99612716278
8.39 0.121684262856 0.0 -1.99629480292
8.4 0.11902384288 0.0 -1.99645518979
8.41 0.116421436733 0.0 -1.99660863693
8.42 0.113875789104 0.0 -1.99675544438
8.43 0.111385671213 0.0 -1.9968958992
8.44 0.108949880299 0.0 -1.99703027608
8.45 0.106567239099 0.0 -1.99715883784
8.46 0.104236595348 0.0 -1.99728183594
8.47 0.10195682128 0.0 -1.99739951101
8.48 0.0997268131394 0.0 -1.99751209327
8.49 0.0975454906965 0.0 -1.99761980298
8.5 0.0954117967757 0.0 -1.99772285091
8.51 0.0933246967881 0.0 -1.99782143871
8.52 0.0912831782729 0.0 -1.99791575933
8.53 0.0892862504461 0.0 -1.99800599736
8.54 0.087332943758 0.0 -1.99809232943
8.55 0.085422309457 0.0 -1.99817492454
8.56 0.083553419162 0.0 -1.99825394436
8.57 0.081725364442 0.0 -1.9983295436
8.58 0.0799372564037 0.0 -1.99840187025
8.59 0.0781882252858 0.0 -1.99847106595
8.6 0.0764774200616 0.0 -1.99853726616
8.61 0.0748040080483 0.0 -1.99860060052
8.62 0.073167174524 0.0 -1.99866119304
8.63 0.0715661223516 0.0 -1.9987191624
8.64 0.0700000716102 0.0 -1.99877462211
8.65 0.0684682592329 0.0 -1.99882768079
8.66 0.0669699386526 0.0 -1.99887844236
8.67 0.0655043794534 0.0 -1.99892700624
8.68 0.0640708670296 0.0 -1.99897346756
8.69 0.0626687022513 0.0 -1.99901791732
8.7 0.0612972011364 0.0 -1.99906044259
8.71 0.059955694529 0.0 -1.99910112668
8.72 0.0586435277843 0.0 -1.99914004928
8.73 0.05736006046 0.0 -1.99917728665
8.74 0.0561046660136 0.0 -1.99921291174
8.75 0.0548767315058 0.0 -1.99924699433
8.76 0.05367565731 0.0 -1.99927960121
8.77 0.0525008568278 0.0 -1.99931079626
8.78 0.0513517562099 0.0 -1.99934064059
8.79 0.0502277940834 0.0 -1.9993691927
8.8 0.0491284212837 0.0 -1.99939650851
8.81 0.0480531005928 0.0 -1.99942264155
8.82 0.0470013064826 0.0 -1.99944764302
8.83 0.0459725248635 0.0 -1.99947156193
8.84 0.0449662528384 0.0 -1.99949444513
8.85 0.0439819984614 0.0 -1.99951633747
8.86 0.043019280502 0.0 -1.99953728185
8.87 0.0420776282141 0.0 -1.99955731931
8.88 0.0411565811095 0.0 -1.99957648912
8.89 0.0402556887367 0.0 -1.99959482884
8.9 0.0393745104637 0.0 -1.99961237442
8.91 0.0385126152662 0.0 -1.99962916024
8.92 0.0376695815192 0.0 -1.99964521919
8.93 0.0368449967939 0.0 -1.99966058275
8.94 0.0360384576588 0.0 -1.99967528103
8.95 0.0352495694842 0.0 -1.99968934284
8.96 0.0344779462521 0.0 -1.99970279572
8.97 0.0337232103689 0.0 -1.99971566606
8.98 0.032984992483 0.0 -1.99972797907
8.99 0.0322629313058 0.0 -1.99973975888
9.0 0.0315566734369 0.0 -1.99975102859
9.01 0.0308658731923 0.0 -1.99976181028
9.02 0.0301901924372 0.0 -1.99977212509
9.03 0.029529300422 0.0 -1.99978199322
9.04 0.0288828736212 0.0 -1.99979143403
9.05 0.0282505955771 0.0 -1.99980046601
9.06 0.0276321567451 0.0 -1.99980910687
9.07 0.0270272543443 0.0 -1.99981737354
9.08 0.0264355922095 0.0 -1.99982528223
9.09 0.0258568806477 0.0 -1.99983284845
9.1 0.0252908362968 0.0 -1.99984008701
9.11 0.0247371819879 0.0 -1.99984701211
9.12 0.0241956466104 0.0 -1.99985363732
9.13 0.0236659649799 0.0 -1.99985997562
9.14 0.0231478777092 0.0 -1.99986603945
9.15 0.0226411310816 0.0 -1.99987184069
9.16 0.0221454769276 0.0 -1.9998773907
9.17 0.0216606725039 0.0 -1.99988270038
9.18 0.0211864803749 0.0 -1.99988778011
9.19 0.020722668297 0.0 -1.99989263987
9.2 0.0202690091054 0.0 -1.99989728918
9.21 0.0198252806029 0.0 -1.99990173715
9.22 0.0193912654522 0.0 -1.9999059925
9.23 0.0189667510692 0.0 -1.99991006357
9.24 0.0185515295194 0.0 -1.99991395834
9.25 0.0181453974166 0.0 -1.99991768444
9.26 0.0177481558233 0.0 -1.99992124919
9.27 0.0173596101538 0.0 -1.99992465956
9.28 0.0169795700789 0.0 -1.99992792225
9.29 0.0166078494332 0.0 -1.99993104365
9.3 0.0162442661239 0.0 -1.99993402987
9.31 0.0158886420421 0.0 -1.99993688677
9.32 0.0155408029754 0.0 -1.99993961995
9.33 0.0152005785232 0.0 -1.99994223477
9.34 0.014867802013 0.0 -1.99994473635
9.35 0.0145423104191 0.0 -1.9999471296
9.36 0.0142239442829 0.0 -1.99994941921
9.37 0.013912547635 0.0 -1.99995160967
9.38 0.0136079679188 0.0 -1.99995370527
9.39 0.0133100559159 0.0 -1.99995571011
9.4 0.0130186656733 0.0 -1.99995762814
9.41 0.0127336544317 0.0 -1.9999594631
9.42 0.0124548825561 0.0 -1.9999612186
9.43 0.0121822134669 0.0 -1.99996289807
9.44 0.0119155135738 0.0 -1.99996450482
9.45 0.0116546522097 0.0 -1.99996604198
9.46 0.0113995015674 0.0 -1.99996751258
9.47 0.0111499366367 0.0 -1.99996891949
9.48 0.0109058351431 0.0 -1.99997026547
9.49 0.0106670774886 0.0 -1.99997155316
9.5 0.0104335466924 0.0 -1.99997278509
9.51 0.010205128334 0.0 -1.99997396367
9.52 0.00998171049727 0.0 -1.99997509121
9.53 0.00976318371563 0.0 -1.99997616992
9.54 0.00954944091828 0.0 -1.99997720191
9.55 0.00934037737798 0.0 -1.99997818922
9.56 0.00913589065968 0.0 -1.99997913377
9.57 0.00893588057043 0.0 -1.99998003741
9.58 0.00874024911029 0.0 -1.99998090192
9.59 0.00854890042436 0.0 -1.99998172899
9.6 0.00836174075584 0.0 -1.99998252025
9.61 0.00817867840012 0.0 -1.99998327723
9.62 0.00799962365991 0.0 -1.99998400144
9.63 0.00782448880123 0.0 -1.99998469429
9.64 0.00765318801058 0.0 -1.99998535712
9.65 0.00748563735277 0.0 -1.99998599126
9.66 0.00732175472995 0.0 -1.99998659793
9.67 0.00716145984128 0.0 -1.99998717833
9.68 0.00700467414372 0.0 -1.9999877336
9.69 0.00685132081346 0.0 -1.99998826482
9.7 0.00670132470837 0.0 -1.99998877303
9.71 0.00655461233115 0.0 -1.99998925924
9.72 0.00641111179335 0.0 -1.99998972438
9.73 0.00627075278018 0.0 -1.99999016939
9.74 0.006133466516 0.0 -1.99999059513
9.75 0.00599918573073 0.0 -1.99999100242
9.76 0.00586784462681 0.0 -1.99999139208
9.77 0.00573937884703 0.0 -1.99999176487
9.78 0.00561372544296 0.0 -1.99999212151
9.79 0.00549082284417 0.0 -1.9999924627
9.8 0.00537061082801 0.0 -1.99999278912
9.81 0.00525303049013 0.0 -1.99999310141
9.82 0.00513802421565 0.0 -1.99999340017
9.83 0.00502553565091 0.0 -1.99999368599
9.84 0.00491550967586 0.0 -1.99999395943
9.85 0.00480789237708 0.0 -1.99999422103
9.86 0.00470263102132 0.0 -1.99999447131
9.87 0.00459967402975 0.0 -1.99999471074
9.88 0.00449897095259 0.0 -1.99999493981
9.89 0.00440047244448 0.0 -1.99999515895
9.9 0.00430413024026 0.0 -1.99999536861
9.91 0.00420989713131 0.0 -1.99999556919
9.92 0.00411772694247 0.0 -1.99999576108
9.93 0.0040275745094 0.0 -1.99999594466
9.94 0.00393939565641 0.0 -1.99999612029
9.95 0.00385314717488 0.0 -1.99999628831
9.96 0.00376878680205 0.0 -1.99999644906
9.97 0.00368627320031 0.0 -1.99999660284
9.98 0.003605565937 0.0 -1.99999674997
9.99 0.00352662546452 0.0 -1.99999689073
10.0 0.00344941310101 0.0 -1.99999702539


