0.0 2.0 0.0 2.22044604925e-16
0.01 1.99999993748 9.99898930018e-05 -0.000490001076449
0.02 1.9999990296 0.000199919063253 -0.00196000395177
0.03 1.9999951155 0.000299726385228 -0.00441000544576
0.04 1.9999845937 0.000399349927858 -0.00783999319906
0.05 1.99996242224 0.000498726551799 -0.012249935085
0.06 1.99992211882 0.000597791506765 -0.0176397643866
0.07 1.99985576118 0.000696478029 -0.0240093607406
0.08 1.99975398767 0.000794716938981 -0.0313585268508
0.09 1.99960599836 0.000892436239517 -0.0396869609763
0.1 1.99939955653 0.000989560714427 -0.0489942252019
0.11 1.99912099099 0.00108601152808 -0.0592797095046
0.12 1.9987551992 0.00118170582616 -0.0705425916322
0.13 1.99828565155 0.001276556338 -0.0827817928201
0.14 1.99769439689 0.00137047098116 -0.0959959293791
0.15 1.99696206969 0.00146335246868 -0.110183260199
0.16 1.996067899 0.00155509791998 -0.125341630222
0.17 1.99498971952 0.00164559847605 -0.141468409956
0.18 1.99370398514 0.00173473892009 -0.158560431123
0.19 1.99218578517 0.00182239730474 -0.176613918527
0.2 1.99040886373 0.00190844458707 -0.195624418297
0.21 1.98834564249 0.00199274427312 -0.215586722633
0.22 1.98596724733 0.00207515207328 -0.236494791238
0.23 1.98324353912 0.00215551557071 -0.258341669648
0.24 1.98014314912 0.00223367390471 -0.281119404692
0.25 1.97663351931 0.00230945747141 -0.304818957353
0.26 1.97268094816 0.00238268764424 -0.329430113343
0.27 1.96825064216 0.00245317651718 -0.354941391737
0.28 1.96330677351 0.00252072667364 -0.38133995206
0.29 1.95781254439 0.00258513098456 -0.408611500252
0.3 1.95173025818 0.00264617243921 -0.436740194004
0.31 1.94502139802 0.00270362401295 -0.465708547987
0.32 1.93764671292 0.00275724857613 -0.495497339542
0.33 1.92956631197 0.00280679884907 -0.526085515473
0.34 1.92073976669 0.00285201740826 -0.557450100607
0.35 1.91112622188 0.0028926367494 -0.589566108854
0.36 1.90068451517 0.00292837941356 -0.622406457538
0.37 1.88937330536 0.00295895818304 -0.655941885822
0.38 1.87715120959 0.0029840763543 -0.690140878093
0.39 1.86397694952 0.00300342809582 -0.724969593219
0.4 1.84980950616 0.00301669889953 -0.760391800615
0.41 1.83460828354 0.00302356613525 -0.796368824107
0.42 1.81833328066 0.00302369971813 -0.832859494574
0.43 1.80094527156 0.00301676290035 -0.869820112421
0.44 1.78240599311 0.00300241319889 -0.907204420876
0.45 1.76267833968 0.00298030347234 -0.944963591167
0.46 1.74172656442 0.00295008316066 -0.983046220579
0.47 1.71951648605 0.00291139970278 -1.0213983444
0.48 1.69601570035 0.00286390014777 -1.05996346269
0.49 1.67119379536 0.00280723297639 -1.09868258282
0.5 1.64502256909 0.00274105015007 -1.13749427859
0.51 1.61747624847 0.00266500940535 -1.1763347667
0.52 1.58853170816 0.002578776811 -1.21513800125
0.53 1.55816868768 0.00248202960529 -1.2538357868
0.54 1.52637000527 0.00237445932881 -1.29235791054
0.55 1.49312176687 0.00225577526634 -1.3306322936
0.56 1.45841356818 0.00212570820755 -1.36858516195
0.57 1.42223868829 0.001984014531 -1.40614123659
0.58 1.38459427265 0.00183048060913 -1.44322394294
0.59 1.34548150371 0.00166492752258 -1.47975563901
0.6 1.30490575704 0.0014872160605 -1.5156578616
0.61 1.26287674121 0.00129725196939 -1.55085158982
0.62 1.21940861937 0.00109499139551 -1.58525752482
0.63 1.17452011077 0.000880446446741 -1.61879638442
0.64 1.12823457043 0.000653690777101 -1.65138921117
0.65 1.08058004531 0.00041486507392 -1.68295769215
0.66 1.03158930553 0.000164182303101 -1.71342448849
0.67 0.981299849282 -9.8067455332e-05 -1.74271357262
0.68 0.929753880268 -0.000371512769836 -1.77075057083
0.69 0.876998256785 -0.000655697421996 -1.79746310884
0.7 0.823084411793 -0.000950077985033 -1.82278115758
0.71 0.76806824352 -0.00125402262582 -1.84663737662
0.72 0.712009976498 -0.00156681132555 -1.86896745249
0.73 0.654973993176 -0.00188763768564 -1.8897104289
0.74 0.597028636588 -0.0022156124426 -1.90880902611
0.75 0.538245984826 -0.00254976875836 -1.92620994663
0.76 0.478701598435 -0.00288906928426 -1.94186416439
0.77 0.418474242071 -0.00323241492 -1.95572719473
0.78 0.357645582149 -0.00357865510973 -1.9677593427
0.79 0.296299862406 -0.00392659944133 -1.97792592717
0.8 0.234523559649 -0.00427503024802 -1.98619747862
0.81 0.172405022116 -0.00462271586059 -1.99254990875
0.82 0.110034093176 -0.00496842412685 -1.99696464994
0.83 0.0475017232059 -0.00531093580626 -1.99942876349
0.84 -0.0151004273196 -0.00564905746204 -1.99993501526
0.85 -0.0776803904085 -0.00598163350875 -1.99848191811
0.86 -0.140146295591 -0.00630755712656 -1.99507374063
0.87 -0.202406774189 -0.00662577981899 -1.98972048208
0.88 -0.264371359595 -0.00693531946322 -1.9824378138
0.89 -0.325950880377 -0.00723526677459 -1.97324698771
0.9 -0.387057843136 -0.00752479017515 -1.96217471281
0.91 -0.447606802156 -0.00780313911593 -1.94925300094
0.92 -0.507514713062 -0.00806964595039 -1.93451898332
0.93 -0.566701267896 -0.00832372649246 -1.91801469977
0.94 -0.625089209241 -0.00856487941589 -1.89978686261
0.95 -0.682604621296 -0.00879268466259 -1.87988659756
0.96 -0.739177196064 -0.00900680103009 -1.85836916417
0.97 -0.794740473109 -0.00920696310156 -1.83529365831
0.98 -0.849232051635 -0.0093929776703 -1.81072269949
0.99 -0.902593773967 -0.0095647197951 -1.78472210591
1.0 -0.954771879802 -0.00972212860545 -1.75736055997
1.01 -1.00571713091 -0.00986520295763 -1.72870926716
1.02 -1.05538490631 -0.0099939970254 -1.69884161109
1.03 -1.10373526805 -0.010108615893 -1.66783280755
1.04 -1.15073299842 -0.0102092112038 -1.63575956007
1.05 -1.19634760902 -0.0102959769051 -1.60269971961
1.06 -1.24055332302 -0.0103691451203 -1.56873195084
1.07 -1.28332903168 -0.0104289821697 -1.53393540698
1.08 -1.3246582266 -0.0104757847548 -1.49838941555
1.09 -1.36452890929 -0.0105098763164 -1.46217317655
1.1 -1.40293347967 -0.0105316035717 -1.42536547487
1.11 -1.43986860545 -0.0105413332323 -1.38804440827
1.12 -1.4753350741 -0.0105394489039 -1.35028713211
1.13 -1.50933762946 -0.0105263481658 -1.31216962177
1.14 -1.54188479488 -0.0105024398282 -1.2737664535
1.15 -1.57298868489 -0.0104681413624 -1.23515060427
1.16 -1.60266480718 -0.0104238765022 -1.19639327088
1.17 -1.630931857 -0.0103700730099 -1.15756370858
1.18 -1.65781150557 -0.0103071606041 -1.11872908894
1.19 -1.68332818445 -0.0102355690441 -1.07995437707
1.2 -1.70750886737 -0.0101557263657 -1.04130222754
1.21 -1.73038285116 -0.0100680572637 -1.00283289865
1.22 -1.75198153726 -0.00997298161696 -0.964604184489
1.23 -1.77233821503 -0.00987091314957 -0.926671363875
1.24 -1.79148784822 -0.00976225822391 -0.889087165586
1.25 -1.8094668656 -0.00964741475994 -0.851901748851
1.26 -1.82631295676 -0.0095267712756 -0.815162698244
1.27 -1.84206487391 -0.00940070604258 -0.778915031972
1.28 -1.85676224044 -0.00926958635224 -0.743201222571
1.29 -1.87044536684 -0.00913376788591 -0.708061228964
1.3 -1.88315507443 -0.00899359418405 -0.673532538867
1.31 -1.89493252745 -0.00884939620864 -0.639650220516
1.32 -1.90581907358 -0.00870149199316 -0.60644698269
1.33 -1.9158560933 -0.00855018637454 -0.573953242059
1.34 -1.92508485806 -0.00839577080166 -0.542197196879
1.35 -1.93354639735 -0.00823852321481 -0.511204906112
1.36 -1.94128137465 -0.0080787079908 -0.481000373085
1.37 -1.94832997211 -0.00791657594861 -0.451605632836
1.38 -1.95473178379 -0.00775236441031 -0.423040842361
1.39 -1.9605257173 -0.00758629731248 -0.395324372991
1.4 -1.96574990359 -0.00741858536342 -0.368472904213
1.41 -1.97044161441 -0.00724942624153 -0.342501518276
1.42 -1.97463718745 -0.00707900483062 -0.317423794979
1.43 -1.97837195848 -0.00690749348805 -0.293251906098
1.44 -1.98168020029 -0.00673505234188 -0.269996708928
1.45 -1.98459506806 -0.00656182961336 -0.247667838504
1.46 -1.98714855062 -0.00638796196135 -0.226273798074
1.47 -1.98937142743 -0.0062135748457 -0.205822047458
1.48 -1.99129323059 -0.00603878290644 -0.186319088968
1.49 -1.99294221178 -0.00586369035638 -0.167770550594
1.5 -1.9943453135 -0.00568839138444 -0.150181266198
1.51 -1.99552814437 -0.00551297056772 -0.133555352509
1.52 -1.99651495802 -0.00533750329023 -0.117896282702
1.53 -1.99732863528 -0.00516205616651 -0.103206956426
1.54 -1.99799066932 -0.00498668746855 -0.0894897661162
1.55 -1.99852115331 -0.00481144755481 -0.0767466594962
1.56 -1.9989387704 -0.00463637929997 -0.0649791981566
1.57 -1.99926078568 -0.00446151852443 -0.0541886121423
1.58 -1.99950303987 -0.00428689442295 -0.0443758504816
1.59 -1.99967994434 -0.00411252999138 -0.0355416276068
1.6 -1.99980447752 -0.00393844245131 -0.0276864656303
1.61 -1.99988818209 -0.00376464367201 -0.0208107324435
1.62 -1.99994116317 -0.00359114058945 -0.0149146756215
1.63 -1.99997208697 -0.00341793562229 -0.00999845211449
1.64 -1.99998817999 -0.00324502708471 -0.00606215371876
1.65 -1.99999522853 -0.00307240959613 -0.00310582831873
1.66 -1.99999757845 -0.00290007448798 -0.00112949689745
1.67 -1.99999813506 -0.0027280102077 -0.000133166312925
1.68 -1.99999836304 -0.00255620272015 -0.000116837839422
1.69 -1.9999982865 -0.00238463590682 -0.00108051147354
1.7 -1.99999648891 -0.00221329196318 -0.00302418600487
1.71 -1.99999011314 -0.00204215179449 -0.00594785485125
1.72 -1.9999748615 -0.00187119541061 -0.00985149765873
1.73 -1.99994499585 -0.00170040232002 -0.0147350676666
1.74 -1.99989333783 -0.00152975192373 -0.0205984748382
1.75 -1.99981126935 -0.00135922390938 -0.0274415647597
1.76 -1.9996887334 -0.00118879864584 -0.0352640933109
1.77 -1.99951423528 -0.00101845757902 -0.0440656971134
1.78 -1.99927484453 -0.000848183628885 -0.0538458597675
1.79 -1.99895619758 -0.000677961588325 -0.0646038738922
1.8 -1.99854250141 -0.000507778523929 -0.0763387989883
1.81 -1.99801653839 -0.000337624179026 -0.0890494151558
1.82 -1.99735967259 -0.000167491379103 -0.102734172701
1.83 -1.99655185778 2.62356032858e-06 -0.117391137684
1.84 -1.99557164731 0.000172720423402 -0.133017933471
1.85 -1.99439620642 0.000342794681204 -0.149611678365
1.86 -1.99300132699 0.000512837076931 -0.167168919413
1.87 -1.99136144525 0.000682833209203 -0.18568556251
1.88 -1.98944966276 0.000852763113987 -0.205156798924
1.89 -1.98723777101 0.00102260084569 -0.225577028421
1.9 -1.98469628 0.00119231405813 -0.246939779171
1.91 -1.9817944512 0.00136186358629 -0.269237624661
1.92 -1.97850033529 0.00153120302982 -0.292462097857
1.93 -1.9747808151 0.00170027833952 -0.316603602927
1.94 -1.97060165406 0.00186902740812 -0.341651324827
1.95 -1.9659275507 0.00203737966696 -0.367593137142
1.96 -1.96072219946 0.00220525569024 -0.394415508567
1.97 -1.95494835826 0.00237256680877 -0.422103408515
1.98 -1.94856792323 0.00253921473531 -0.450640212327
1.99 -1.94154201089 0.00270509120386 -0.480007606649
2.0 -1.93383104814 0.00287007762524 -0.510185495582
2.01 -1.92539487035 0.00303404476189 -0.541151908234
2.02 -1.91619282782 0.00319685242447 -0.572882908402
2.03 -1.90618390079 0.00335834919356 -0.605352507112
2.04 -1.89532682323 0.00351837216954 -0.638532578823
2.05 -1.88358021545 0.00367674675424 -0.672392782145
2.06 -1.87090272566 0.00383328646764 -0.70690048594
2.07 -1.85725318028 0.00398779280375 -0.74202070176
2.08 -1.84259074313 0.00414005512915 -0.777716023552
2.09 -1.82687508308 0.0042898506285 -0.813946575642
2.1 -1.81006655006 0.00443694430104 -0.850669970007
2.11 -1.79212635885 0.00458108901228 -0.887841273844
2.12 -1.7730167803 0.00472202560535 -0.925412988487
2.13 -1.75270133931 0.00485948307645 -0.963335040683
2.14 -1.73114501886 0.00499317881887 -1.00155478724
2.15 -1.7083144692 0.00512281894039 -1.04001703402
2.16 -1.68417822128 0.00524809865878 -1.07866407024
2.17 -1.65870690334 0.00536870278024 -1.11743571888
2.18 -1.63187345938 0.00548430626598 -1.15626940414
2.19 -1.60365336821 0.00559457489211 -1.19510023653
2.2 -1.57402486171 0.00569916600831 -1.23386111627
2.21 -1.54296914053 0.005797729401 -1.27248285556
2.22 -1.51047058591 0.00588990826718 -1.31089431996
2.23 -1.47651696546 0.00597534030525 -1.34902258914
2.24 -1.4410996315 0.00605365892991 -1.38679313717
2.25 -1.40421370973 0.00612449461838 -1.42413003197
2.26 -1.36585827655 0.00618747639612 -1.46095615387
2.27 -1.32603652289 0.0062422334705 -1.49719343255
2.28 -1.28475590285 0.00628839702173 -1.53276310177
2.29 -1.24202826491 0.00632560216063 -1.56758597083
2.3 -1.1978699641 0.00635349006348 -1.60158271166
2.31 -1.15230195321 0.00637171029402 -1.63467416017
2.32 -1.10534985135 0.00637992332276 -1.66678163018
2.33 -1.05704398822 0.00637780325269 -1.69782723815
2.34 -1.00741942283 0.00636504075922 -1.72773423673
2.35 -0.956515935303 0.00634134624935 -1.75642735484
2.36 -0.904377990667 0.00630645324173 -1.78383314204
2.37 -0.851054674056 0.00626012196352 -1.80988031445
2.38 -0.796599596546 0.00620214315318 -1.83450009981
2.39 -0.741070771458 0.00613234204892 -1.85762657875
2.4 -0.684530461121 0.00605058253145 -1.87919701954
2.41 -0.62704499437 0.00595677137552 -1.89915220346
2.42 -0.568684555435 0.00585086254931 -1.91743673789
2.43 -0.509522945092 0.00573286148302 -1.93399935438
2.44 -0.449637315359 0.00560282920893 -1.94879318886
2.45 -0.38910787922 0.00546088625693 -1.96177604151
2.46 -0.32801759724 0.00530721617135 -1.97291061363
2.47 -0.26645184314 0.00514206850092 -1.9821647193
2.48 -0.204498050708 0.00496576110345 -1.9895114698
2.49 -0.142245344611 0.00477868160471 -1.99492942886
2.5 -0.0797841579047 0.00458128785687 -1.99840273718
2.51 -0.0172058391716 0.00437410725872 -1.99992120502
2.52 0.0453977476081 0.00415773482759 -1.99948037193
2.53 0.107934627302 0.0039328299522 -1.99708153291
2.54 0.170313118753 0.00370011180398 -1.99273173075
2.55 0.232442237549 0.00346035344075 -1.98644371482
2.56 0.294232093241 0.00321437469583 -1.9782358664
2.57 0.355594277864 0.00296303400476 -1.9681320916
2.58 0.416442242745 0.00270721937429 -1.95616168284
2.59 0.476691660713 0.00244783874173 -1.94235915028
2.6 0.536260771028 0.00218581000128 -1.92676402491
2.61 0.595070704541 0.00192205098685 -1.90942063525
2.62 0.653045786848 0.00165746969635 -1.89037785987
2.63 0.710113817468 0.00139295502182 -1.86968885805
2.64 0.766206323346 0.00112936821506 -1.84741078123
2.65 0.821258785288 0.000867535273758 -1.8236044678
2.66 0.875210836241 0.0006082403819 -1.79833412417
2.67 0.928006430631 0.000352220485381 -1.77166699485
2.68 0.979593984296 0.0001001610328 -1.74367302436
2.69 1.02992648483 -0.000147307134466 -1.71442451398
2.7 1.07896157247 -0.00038960979723 -1.68399577593
2.71 1.12666159193 -0.000626230362677 -1.65246278781
2.72 1.17299361588 -0.000856709962895 -1.61990284991
2.73 1.21792944087 -0.00108064676539 -1.58639424774
2.74 1.26144555698 -0.00129769461822 -1.5520159222
2.75 1.3035230924 -0.00150756115112 -1.51684714946
2.76 1.34414773453 -0.00171000544826 -1.48096723246
2.77 1.3833096291 -0.00190483539866 -1.44445520583
2.78 1.42100325922 -0.00209190481933 -1.4073895556
2.79 1.4572273061 -0.00227111043344 -1.36984795521
2.8 1.4919844934 -0.00244238877367 -1.3319070186
2.81 1.52528141702 -0.00260571306854 -1.2936420715
2.82 1.55712836252 -0.00276109015864 -1.25512694139
2.83 1.58753911184 -0.00290855747952 -1.21643376666
2.84 1.61653074139 -0.00304818013935 -1.17763282509
2.85 1.64412341339 -0.00318004811205 -1.1387923818
2.86 1.67034016204 -0.00330427356015 -1.09997855654
2.87 1.69520667656 -0.00342098829706 -1.06125520992
2.88 1.71875108231 -0.00353034139373 -1.02268384838
2.89 1.74100372192 -0.00363249693189 -0.984323547023
2.9 1.76199693745 -0.00372763190343 -0.94623089
2.91 1.78176485512 -0.00381593425369 -0.908459927401
2.92 1.8003431737 -0.00389760106484 -0.871062147974
2.93 1.81776895744 -0.00397283687477 -0.834086466697
2.94 1.83408043478 -0.0040418521263 -0.797579226271
2.95 1.84931680327 -0.00410486174064 -0.76158421153
2.96 1.86351804164 -0.00416208380947 -0.726142675752
2.97 1.87672472945 -0.00421373839924 -0.691293377854
2.98 1.88897787485 -0.0042600464618 -0.657072629422
2.99 1.90031875064 -0.00430122884522 -0.623514350581
3.0 1.91078873914 -0.00433750539891 -0.590650133673
3.01 1.92042918573 -0.00436909416733 -0.558509313796
3.02 1.92928126137 -0.00439621066675 -0.527119045231
3.03 1.93738583396 -0.00441906723954 -0.496504382866
3.04 1.94478334852 -0.00443787248105 -0.466688367744
3.05 1.95151371606 -0.00445283073397 -0.437692115903
3.06 1.95761621089 -0.00446414164546 -0.409534909745
3.07 1.96312937624 -0.00447199978253 -0.382234291199
3.08 1.9680909378 -0.00447659430136 -0.355806155996
3.09 1.97253772497 -0.00447810866642 -0.330264848444
3.1 1.97650559936 -0.0044767204154 -0.305623256097
3.11 1.98002939034 -0.00447260096635 -0.281892903826
3.12 1.98314283709 -0.00446591546337 -0.259084046771
3.13 1.9858785369 -0.00445682265762 -0.237205761768
3.14 1.98826789922 -0.00444547482037 -0.216266036847
3.15 1.99034110514 -0.00443201768524 -0.19627185845
3.16 1.99212707184 -0.00441659041666 -0.177229296066
3.17 1.99365342164 -0.00439932560215 -0.159143584
3.18 1.99494645526 -0.00438034926571 -0.14201920005
3.19 1.99603112891 -0.00435978090026 -0.125859940868
3.2 1.99693103483 -0.0043377335168 -0.110668993853
3.21 1.99766838491 -0.00431431370842 -0.0964490053899
3.22 1.99826399711 -0.00428962172738 -0.0832021453404
3.23 1.99873728432 -0.00426375157339 -0.0709301676583
3.24 1.99910624529 -0.00423679109179 -0.0596344670495
3.25 1.99938745744 -0.00420882208002 -0.049316131606
3.26 1.99959607131 -0.00417992040128 -0.0399759913556
3.27 1.99974580617 -0.00415015610407 -0.0316146626843
3.28 1.99984894695 -0.00411959354677 -0.0242325885982
3.29 1.99991634183 -0.00408829152618 -0.0178300747981
3.3 1.99995740074 -0.00405630340937 -0.0124073215505
3.31 1.99998009428 -0.00402367726808 -0.00796445134136
3.32 1.9999909531 -0.00399045601508 -0.00450153230459
3.33 1.99999506749 -0.0039566775421 -0.00201859742066
3.34 1.99999608726 -0.00392237485879 -0.000515659481663
3.35 1.99999622167 -0.0038875762326 7.27817799628e-06
3.36 1.99999623936 -0.00385230532922 -0.000449784813851
3.37 1.99999546837 -0.00381658135355 -0.00188684812728
3.38 1.99999179618 -0.00378041919107 -0.00430390875503
3.39 1.99998166967 -0.00374382954973 -0.00770095480188
3.4 1.99996009523 -0.00370681910242 -0.0120779550389
3.41 1.99992063887 -0.00366939063018 -0.0174348442231
3.42 1.99985542665 -0.00363154316648 -0.0237715041836
3.43 1.99975514521 -0.00359327214272 -0.0310877406775
3.44 1.99960904283 -0.00355456953545 -0.03938325602
3.45 1.99940493099 -0.0035154240158 -0.0486576174975
3.46 1.99912918654 -0.00347582110137 -0.058910221574
3.47 1.99876675489 -0.00343574331134 -0.0701402539114
3.48 1.99830115419 -0.00339517032538 -0.0823466452258
3.49 1.99771448084 -0.00335407914689 -0.0955280230138
3.5 1.99698741658 -0.00331244427133 -0.109682659193
3.51 1.99609923737 -0.00327023786044 -0.124808413708
3.52 1.99502782439 -0.00322742992306 -0.140902674183
3.53 1.99374967752 -0.00318398850339 -0.157962291686
3.54 1.99223993143 -0.0031398798776 -0.175983512739
3.55 1.99047237487 -0.00309506875959 -0.194961907665
3.56 1.9884194733 -0.00304951851696 -0.21489229546
3.57 1.9860523954 -0.00300319139804 -0.235768665328
3.58 1.98334104372 -0.00295604877099 -0.257584095117
3.59 1.98025408987 -0.002908051376 -0.280330666865
3.6 1.97675901473 -0.00285915959145 -0.303999379753
3.61 1.972822154 -0.00280933371532 -0.328580060742
3.62 1.96840874954 -0.00275853426251 -0.354061273274
3.63 1.96348300681 -0.00270672227931 -0.380430224402
3.64 1.95800815895 -0.00265385967592 -0.407672670786
3.65 1.95194653777 -0.00259990957794 -0.435772824042
3.66 1.94525965196 -0.0025448366977 -0.464713255965
3.67 1.93790827307 -0.00248860772641 -0.494474804196
3.68 1.92985252936 -0.00243119174771 -0.525036478967
3.69 1.92105200784 -0.00237256067338 -0.556375371591
3.7 1.91146586494 -0.0023126897019 -0.588466565423
3.71 1.90105294565 -0.00225155779998 -0.62128305007
3.72 1.88977191161 -0.00218914820764 -0.654795639666
3.73 1.87758137798 -0.00212544896663 -0.688972896075
3.74 1.8644400593 -0.00206045347227 -0.723781057931
3.75 1.85030692405 -0.00199416104793 -0.759183976468
3.76 1.83514135801 -0.00192657754159 -0.795143059094
3.77 1.81890333592 -0.00185771594317 -0.831617221734
3.78 1.80155360133 -0.00178759702089 -0.868562850942
3.79 1.78305385406 -0.00171624997442 -0.905933776826
3.8 1.76336694476 -0.00164371310198 -0.9436812578
3.81 1.74245707588 -0.00157003447746 -0.981753978198
3.82 1.72029000831 -0.00149527263318 -1.02009805973
3.83 1.69683327278 -0.00141949724236 -1.05865708773
3.84 1.67205638492 -0.00134278979448 -1.09737215318
3.85 1.64593106291 -0.0012652442552 -1.13618191119
3.86 1.61843144643 -0.0011869677007 -1.17502265694
3.87 1.5895343155 -0.00110808091475 -1.21382841951
3.88 1.55921930771 -0.00102871893467 -1.25253107435
3.89 1.52746913223 -0.000949031529983 -1.29106047473
3.9 1.49426977898 -0.000869183595393 -1.32934460248
3.91 1.45961072101 -0.00078935543697 -1.36730973814
3.92 1.42348510843 -0.000709742928069 -1.40488065057
3.93 1.38588995181 -0.00063055750887 -1.44198080565
3.94 1.34682629329 -0.000552026001292 -1.47853259381
3.95 1.30629936326 -0.000474390209181 -1.51445757567
3.96 1.26431872085 -0.000397906272619 -1.54967674493
3.97 1.22089837618 -0.000322843745104 -1.58411080762
3.98 1.17605689263 -0.000249484363647 -1.61768047619
3.99 1.12981746733 -0.000178120484849 -1.65030677717
4.0 1.08220798818 -0.000109053165143 -1.68191137056
4.01 1.03326106594 -4.25898709686e-05 -1.71241687909
4.02 0.983014040155 2.09581851699e-05 -1.74174722518
4.03 0.931508957495 8.12790738044e-05 -1.76982797342
4.04 0.878792521901 0.000138063518292 -1.796586676
4.05 0.824916015631 0.00019100856309 -1.82195321857
4.06 0.769935190891 0.000239821479221 -1.8458601638
4.07 0.713910131866 0.00028422382624 -1.86824308987
4.08 0.656905087318 0.000323955571707 -1.88904092103
4.09 0.598988274195 0.000358779153676 -1.90819624742
4.1 0.540231653017 0.000388483360562 -1.92565563125
4.11 0.480710676103 0.000412886897766 -1.94136989659
4.12 0.420504010028 0.00043184151261 -1.9552944001
4.13 0.359693233965 0.000445234559414 -1.96738928004
4.14 0.298362515891 0.000452990904675 -1.97761968131
4.15 0.236598268866 0.000455074097626 -1.98595595421
4.16 0.174488789858 0.000451486762214 -1.99237382496
4.17 0.11212388379 0.000442270200565 -1.99685453628
4.18 0.0495944756868 0.000427503232627 -1.99938495674
4.19 -0.0130077860791 0.000407300329182 -1.99995765745
4.2 -0.0755909322965 0.000381809123363 -1.99857095575
4.21 -0.13806307799 0.00035120740729 -1.995228925
4.22 -0.200332826821 0.00031569973429 -1.9899413707
4.23 -0.262309671587 0.000275513752971 -1.98272377307
4.24 -0.323904387644 0.000230896397729 -1.97359719658
4.25 -0.385029416174 0.000182110051951 -1.96258816758
4.26 -0.445599234321 0.000129428786865 -1.94972852101
4.27 -0.505530709424 7.31347622865e-05 -1.93505521794
4.28 -0.564743434736 1.35148570904e-05 -1.91861013568
4.29 -0.623160044267 -4.91424213764e-05 -1.90043983246
4.3 -0.680706504637 -0.000114549717326 -1.88059528911
4.31 -0.737312382089 -0.000182423280113 -1.85913163007
4.32 -0.792911083123 -0.000252485088775 -1.83610782649
4.33 -0.847440067492 -0.000324464655575 -1.81158638401
4.34 -0.900841032615 -0.000398100524609 -1.78563301814
4.35 -0.953060068786 -0.000473141487078 -1.75831632007
4.36 -1.00404778484 -0.000549347538256 -1.72970741571
4.37 -1.05375940428 -0.00062649060285 -1.69987962086
4.38 -1.10215483205 -0.000704355055673 -1.66890809516
4.39 -1.14919869259 -0.000782738063774 -1.63686949763
4.4 -1.1948603399 -0.000861449774693 -1.60384164619
4.41 -1.23911384062 -0.000940313373511 -1.56990318357
4.42 -1.2819379314 -0.00101916502919 -1.53513325198
4.43 -1.32331595191 -0.00109785374848 -1.49961117832
4.44 -1.36323575511 -0.00117624115326 -1.46341617199
4.45 -1.40168959649 -0.00125420119544 -1.42662703678
4.46 -1.43867400398 -0.00133161982117 -1.38932189829
4.47 -1.47418963051 -0.0014083945947 -1.35157794807
4.48 -1.50824109111 -0.00148443429072 -1.31347120545
4.49 -1.54083678644 -0.00155965846234 -1.27507629772
4.5 -1.5719887148 -0.00163399699114 -1.23646625939
4.51 -1.60171227444 -0.00170738962464 -1.19771235057
4.52 -1.63002605817 -0.00177978550544 -1.15888389498
4.53 -1.65695164193 -0.00185114269607 -1.12004813717
4.54 -1.68251336927 -0.0019214277026 -1.08127011905
4.55 -1.70673813325 -0.00199061499989 -1.04261257521
4.56 -1.72965515737 -0.00205868656068 -1.00413584659
4.57 -1.75129577703 -0.00212563139058 -0.965897811908
4.58 -1.77169322278 -0.00219144507072 -0.927953836097
4.59 -1.79088240664 -0.00225612930936 -0.890356734939
4.6 -1.80889971261 -0.0023196915038 -0.853156755088
4.61 -1.82578279222 -0.00238214431365 -0.816401568481
4.62 -1.84157036619 -0.0024435052462 -0.78013628019
4.63 -1.85630203268 -0.00250379625472 -0.744403448714
4.64 -1.87001808303 -0.00256304335019 -0.709243117668
4.65 -1.88275932516 -0.00262127622696 -0.674692857855
4.66 -1.89456691539 -0.00267852790253 -0.640787818692
4.67 -1.90548219871 -0.00273483437183 -0.607560787973
4.68 -1.91554655777 -0.00279023427599 -0.575042258978
4.69 -1.92480127081 -0.00284476858561 -0.543260503972
4.7 -1.93328737843 -0.00289848029844 -0.512241653156
4.71 -1.9410455592 -0.00295141415144 -0.482009778183
4.72 -1.94811601409 -0.00300361634675 -0.4525869794
4.73 -1.95453835943 -0.00305513429144 -0.423993475998
4.74 -1.96035152823 -0.00310601635063 -0.396247698339
4.75 -1.96559367972 -0.00315631161344 -0.369366381734
4.76 -1.9703021166 -0.00320606967151 -0.343364661032
4.77 -1.97451320987 -0.00325534040932 -0.318256165418
4.78 -1.97826233075 -0.00330417380594 -0.294053112852
4.79 -1.98158378945 -0.00335261974755 -0.270766403656
4.8 -1.98451078024 -0.00340072785008 -0.248405712785
4.81 -1.98707533265 -0.00344854729134 -0.226979580365
4.82 -1.9893082681 -0.00349612665215 -0.20649550013
4.83 -1.9912391619 -0.00354351376543 -0.186960005432
4.84 -1.99289630994 -0.00359075557307 -0.168378752522
4.85 -1.99430669983 -0.00363789798942 -0.150756600855
4.86 -1.99549598606 -0.00368498577113 -0.134097690189
4.87 -1.99648846876 -0.00373206239237 -0.118405514291
4.88 -1.99730707585 -0.00377916992496 -0.103682991084
4.89 -1.99797334799 -0.00382634892268 -0.0899325290914
4.9 -1.99850742623 -0.00387363830913 -0.0771560900657
4.91 -1.99892804192 -0.00392107526852 -0.0653552477077
4.92 -1.99925250858 -0.00396869513884 -0.054531242388
4.93 -1.99949671553 -0.00401653130675 -0.0446850318162
4.94 -1.99967512292 -0.00406461510369 -0.0358173376023
4.95 -1.99980075803 -0.00411297570266 -0.0279286876745
4.96 -1.99988521253 -0.00416164001516 -0.0210194545214
4.97 -1.99993864051 -0.00421063258791 -0.0150898892398
4.98 -1.99996975726 -0.0042599754987 -0.0101401513705
4.99 -1.99998583834 -0.00430968825118 -0.00617033451279
5.0 -1.99999271917 -0.00435978766811 -0.00318048771187
5.01 -1.99999479474 -0.00441028778272 -0.00117063261327
5.02 -1.99999501946 -0.00446119972796 -0.000140776384071
5.03 -1.99999490719 -0.00451253162328 -9.09203988855e-05
5.04 -1.99999453117 -0.00456428845883 -0.00102106469067
5.05 -1.99999252404 -0.00461647197685 -0.00293120816611
5.06 -1.99998607786 -0.00466908055011 -0.00582134458574
5.07 -1.99997094414 -0.0047221090575 -0.00969145430863
5.08 -1.99994143393 -0.00477554875644 -0.0145414918023
5.09 -1.99989041808 -0.00482938715252 -0.0203713689182
5.1 -1.99980932771 -0.00488360786621 -0.0271809339354
5.11 -1.99968815497 -0.00493819049695 -0.0349699463758
5.12 -1.99951545431 -0.00499311048477 -0.0437380475967
5.13 -1.99927834436 -0.00504833896981 -0.0534847271714
5.14 -1.99896251053 -0.00510384265017 -0.0642092850728
5.15 -1.99855220865 -0.00515958363836 -0.0759107896789
5.16 -1.99803026979 -0.0052155193172 -0.0885880316312
5.17 -1.99737810648 -0.00527160219546 -0.102239473582
5.18 -1.99657572063 -0.0053277797643 -0.116863195881
5.19 -1.99560171342 -0.0053839943551 -0.13245683826
5.2 -1.99443329743 -0.00544018299966 -0.149017537599
5.21 -1.99304631135 -0.00549627729387 -0.166541861863
5.22 -1.99141523758 -0.00555220326592 -0.185025740326
5.23 -1.98951322308 -0.00560788125024 -0.204464390222
5.24 -1.98731210384 -0.00566322576865 -0.22485223998
5.25 -1.9847824333 -0.00571814542007 -0.246182849237
5.26 -1.98189351522 -0.00577254278044 -0.268448825845
5.27 -1.97861344114 -0.00582631431455 -0.291641740131
5.28 -1.97490913324 -0.00587935030154 -0.31575203669
5.29 -1.97074639253 -0.00593153477605 -0.340768944046
5.3 -1.96608995314 -0.0059827454871 -0.366680382534
5.31 -1.96090354291 -0.00603285387674 -0.393472870832
5.32 -1.95514995076 -0.00608172508091 -0.421131431582
5.33 -1.94879110111 -0.00612921795469 -0.449639496608
5.34 -1.94178813584 -0.00617518512454 -0.478978812277
5.35 -1.93410150395 -0.00621947307005 -0.509129345606
5.36 -1.92569105945 -0.00626192223779 -0.540069191764
5.37 -1.91651616743 -0.00630236718997 -0.571774483656
5.38 -1.90653581885 -0.00634063679073 -0.604219304361
5.39 -1.89570875401 -0.00637655443276 -0.637375603189
5.4 -1.88399359481 -0.00640993830711 -0.671213116231
5.41 -1.87134898604 -0.00644060171911 -0.705699292263
5.42 -1.85773374538 -0.00646835345307 -0.740799224941
5.43 -1.84310702229 -0.00649299818871 -0.776475592249
5.44 -1.82742846537 -0.00651433697206 -0.812688604177
5.45 -1.81065839807 -0.00653216774353 -0.849395959653
5.46 -1.79275800224 -0.00654628592579 -0.886552813745
5.47 -1.77368950908 -0.00655648507406 -0.924111756172
5.48 -1.75341639693 -0.00656255759124 -0.962022802131
5.49 -1.73190359506 -0.00656429551012 -1.00023339648
5.5 -1.70911769274 -0.006561491345 -1.03868843221
5.51 -1.68502715249 -0.00655393901458 -1.0773302842
5.52 -1.65960252662 -0.00654143483806 -1.11609885909
5.53 -1.63281667562 -0.00652377860599 -1.1549316621
5.54 -1.60464498725 -0.00650077472745 -1.19376388152
5.55 -1.57506559478 -0.00647223345448 -1.23252849148
5.56 -1.54405959291 -0.00643797218486 -1.27115637357
5.57 -1.51161124959 -0.00639781684369 -1.3095764575
5.58 -1.47770821222 -0.00635160334393 -1.34771588129
5.59 -1.4423417061 -0.00629917912557 -1.38550017076
5.6 -1.40550672358 -0.0062404047726 -1.42285343845
5.61 -1.36720220171 -0.00617515570603 -1.45969860146
5.62 -1.32743118664 -0.0061033239505 -1.49595761777
5.63 -1.28620098274 -0.00602481997068 -1.53155174041
5.64 -1.24352328447 -0.00593957457229 -1.56640178831
5.65 -1.19941428924 -0.00584754086068 -1.60042843296
5.66 -1.15389478934 -0.0057486962475 -1.63355249919
5.67 -1.10699024128 -0.00564304449334 -1.66569527878
5.68 -1.05873081099 -0.00553061777041 -1.69677885481
5.69 -1.00915139338 -0.00541147872524 -1.72672643495
5.7 -0.958291605042 -0.00528572251639 -1.75546269138
5.71 -0.906195749154 -0.00515347879624 -1.78291410502
5.72 -0.85291275155 -0.00501491359922 -1.80900931144
5.73 -0.798496067634 -0.00487023109173 -1.83367944604
5.74 -0.743003559698 -0.0047196751309 -1.85685848544
5.75 -0.6864973447 -0.00456353057149 -1.87848358255
5.76 -0.629043612785 -0.00440212425241 -1.89849539228
5.77 -0.570712417149 -0.00423582558759 -1.91683838513
5.78 -0.51157743616 -0.00406504668056 -1.93346114577
5.79 -0.451715708955 -0.00389024187989 -1.94831665401
5.8 -0.39120734603 -0.00371190669337 -1.96136254531
5.81 -0.330135216647 -0.00353057598508 -1.97256134854
5.82 -0.268584615134 -0.00334682139038 -1.98188069855
5.83 -0.206642908432 -0.00316124790208 -1.98929352156
5.84 -0.144399167463 -0.00297448960506 -1.99477819139
5.85 -0.0819437850797 -0.00278720456757 -1.99831865516
5.86 -0.0193680835606 -0.00260006893306 -1.99990452697
5.87 0.0432360852918 -0.00241377029638 -1.99953114871
5.88 0.105776744273 -0.00222900048856 -1.99719961745
5.89 0.168162195902 -0.00204644793298 -1.99291677898
5.9 0.230301425306 -0.00186678976924 -1.98669518764
5.91 0.292104497672 -0.00169068396543 -1.97855303291
5.92 0.353482947119 -0.00151876165249 -1.96851403334
5.93 0.414350153962 -0.00135161991417 -1.95660729914
5.94 0.474621707489 -0.00118981525156 -1.94286716456
5.95 0.534215751557 -0.00103385791308 -1.92733299197
5.96 0.593053310498 -0.000884207242167 -1.91004894939
5.97 0.651058593112 -0.000741268146886 -1.89106376383
5.98 0.708159272735 -0.000605388744689 -1.87043045258
5.99 0.7642867417 -0.000476859183347 -1.84820603534
6.0 0.819376338772 -0.00035591159123 -1.82445122949
6.01 0.873367548451 -0.000242721068763 -1.79923013158
6.02 0.926204171367 -0.000137407600755 -1.77260988773
6.03 0.977834465257 -4.00387472434e-05 -1.74466035576
6.04 1.02821125637 4.93670412297e-05 -1.71545376208
6.05 1.07729202139 0.000130836640319 -1.6850643559
6.06 1.12503894028 0.000204438151221 -1.65356806363
6.07 1.17141892075 0.000270276621381 -1.62104214598
6.08 1.21640359511 0.000328489709035 -1.58756486037
6.09 1.25996929084 0.000379243395288 -1.55321513073
6.1 1.30209697598 0.000422727827901 -1.51807222702
6.11 1.34277218103 0.000459153361682 -1.48221545635
6.12 1.3819848988 0.000488746842649 -1.44572386735
6.13 1.41972946411 0.000511748167209 -1.40867596943
6.14 1.45600441512 0.000528407134094 -1.37114946813
6.15 1.49081233814 0.000538980595662 -1.33322101766
6.16 1.52415969801 0.000543729906319 -1.29496599157
6.17 1.55605665573 0.000542918659172 -1.25645827205
6.18 1.58651687567 0.000536810697223 -1.21777005837
6.19 1.61555732382 0.000525668382163 -1.17897169479
6.2 1.64319805934 0.000509751101959 -1.14013151783
6.21 1.66946202091 0.000489313997494 -1.10131572281
6.22 1.69437480976 0.000464606888444 -1.0625882496
6.23 1.71796447094 0.000435873379016 -1.02401068676
6.24 1.74026127429 0.000403350125044 -0.985642193966
6.25 1.76129749662 0.000367266245063 -0.947539441664
6.26 1.78110720633 0.000327842859231 -0.909756567479
6.27 1.79972605157 0.000285292741318 -0.872345148386
6.28 1.81719105309 0.000239820070302 -0.83535418779
6.29 1.83354040265 0.000191620269428 -0.798830116557
6.3 1.84881326778 0.000140879921798 -0.762816806998
6.31 1.86304960353 8.77767527301e-05 -0.727355598791
6.32 1.87628997189 3.24796701624e-05 -0.692485335815
6.33 1.88857536924 -2.48511446328e-05 -0.658242412861
6.34 1.89994706213 -8.40641029082e-05 -0.624660831213
6.35 1.91044643181 -0.000145016036961 -0.59177226208
6.36 1.92011482751 -0.000207571996699 -0.559606116903
6.37 1.92899342864 -0.000271605019015 -0.528189623607
6.38 1.93712311581 -0.000336995874173 -0.49754790786
6.39 1.94454435075 -0.000403632792896 -0.467704078491
6.4 1.95129706485 -0.000471411177438 -0.438679316237
6.41 1.95742055619 -0.000540233299486 -0.410492965029
6.42 1.96295339492 -0.000610007987403 -0.38316262511
6.43 1.96793333644 -0.000680650305031 -0.356704247279
6.44 1.97239724249 -0.000752081223938 -0.331132227655
6.45 1.97638100933 -0.000824227290801 -0.306459502367
6.46 1.9799195031 -0.000897020291337 -0.282697641641
6.47 1.98304650162 -0.000970396912032 -0.259856942807
6.48 1.98579464251 -0.0010442984007 -0.237946521783
6.49 1.98819537701 -0.00111867022676 -0.21697440264
6.5 1.99027892934 -0.00119346174199 -0.196947604908
6.51 1.99207426091 -0.00126862584229 -0.177872228301
6.52 1.99360903929 -0.00134411863104 -0.15975353459
6.53 1.99490961127 -0.00141989908427 -0.142596026387
6.54 1.99600097988 -0.0014959287181 -0.126403522629
6.55 1.99690678475 -0.00157217125846 -0.111179230583
6.56 1.99764928571 -0.00164859231337 -0.0969258142193
6.57 1.99824934907 -0.00172515904762 -0.0836454588316
6.58 1.99872643639 -0.00180183986007 -0.0713399317842
6.59 1.99909859537 -0.00187860406327 -0.0600106393118
6.6 1.99938245263 -0.00195542156555 -0.0496586792906
6.61 1.99959320802 -0.00203226255511 -0.0402848899302
6.62 1.99974463028 -0.00210909718633 -0.031889894338
6.63 1.99984905388 -0.00218589526774 -0.0244741409237
6.64 1.99991737661 -0.00226262595171 -0.0180379396188
6.65 1.99995905805 -0.00233925742551 -0.0125814938917
6.66 1.99998211848 -0.00241575660366 -0.00810492854643
6.67 1.99999313822 -0.00249208882116 -0.00460831329637
6.68 1.99999725728 -0.00256821752767 -0.00209168210812
6.69 1.99999817516 -0.00264410398223 -0.000555048311949
6.7 1.9999981508 -0.00271970694861 1.58452216725e-06
6.71 1.99999800254 -0.00279498239097 -0.000421784056348
6.72 1.99999710814 -0.00286988316988 -0.00182515378419
6.73 1.99999340476 -0.00294435873869 -0.00420852185432
6.74 1.99998338898 -0.00301835484021 -0.00757187685074
6.75 1.99996211689 -0.00309181320383 -0.0119151884481
6.76 1.99992320419 -0.00316467124323 -0.0172383928764
6.77 1.99985882662 -0.00323686175498 -0.0235413741528
6.78 1.9997597205 -0.00330831261817 -0.0308239410824
6.79 1.99961518372 -0.00337894649568 -0.0390858000332
6.8 1.99941307731 -0.00344868053746 -0.0483265234931
6.81 1.99913982764 -0.0035174260865 -0.0585455144215
6.82 1.99878042948 -0.00358508838808 -0.0697419664115
6.83 1.99831845019 -0.00365156630336 -0.0819148196893
6.84 1.9977360352 -0.00371675202805 -0.0950627129808
6.85 1.99701391501 -0.00378053081743 -0.109183931291
6.86 1.996131414 -0.00384278071889 -0.124276349649
6.87 1.99506646141 -0.00390337231345 -0.140337372892
6.88 1.99379560466 -0.00396216846775 -0.157363871562
6.89 1.99229402538 -0.00401902409846 -0.175352114043
6.9 1.99053555858 -0.00407378595073 -0.19429769503
6.91 1.9884927152 -0.00412629239312 -0.214195460519
6.92 1.98613670841 -0.00417637323118 -0.235039429449
6.93 1.98343748416 -0.00422384954216 -0.256822712244
6.94 1.98036375619 -0.00426853353384 -0.279537426453
6.95 1.97688304609 -0.00431022843017 -0.303174609779
6.96 1.97296172863 -0.00434872838729 -0.327724130804
6.97 1.96856508291 -0.00438381844313 -0.353174597734
6.98 1.96365734959 -0.00441527450457 -0.379513265584
6.99 1.95820179474 -0.00444286337602 -0.406725942203
7.0 1.95216078054 -0.00446634283394 -0.434796893637
7.01 1.94549584333 -0.00448546175175 -0.463708749343
7.02 1.93816777925 -0.0044999602802 -0.493442407831
7.03 1.9301367378 -0.00450957008854 -0.523976943361
7.04 1.92136232369 -0.00451401467194 -0.555289514362
7.05 1.91180370711 -0.00451300973142 -0.587355274292
7.06 1.90141974261 -0.00450626363263 -0.620147285725
7.07 1.89016909692 -0.00449347795019 -0.653636438469
7.08 1.87801038549 -0.00447434810515 -0.687791372587
7.09 1.864902318 -0.00444856410307 -0.722578407219
7.1 1.85080385272 -0.00441581138111 -0.757961476165
7.11 1.83567435947 -0.00437577177283 -0.793902071173
7.12 1.81947379105 -0.00432812459994 -0.830359193967
7.13 1.80216286284 -0.00427254790094 -0.867289318007
7.14 1.78370323994 -0.00420871980679 -0.904646361024
7.15 1.76405773152 -0.00413632007453 -0.942381669353
7.16 1.7431904916 -0.0040550317901 -0.980444015089
7.17 1.72106722549 -0.00396454325191 -1.01877960705
7.18 1.69765540103 -0.00386455004695 -1.05733211652
7.19 1.67292446352 -0.00375475733123 -1.09604271867
7.2 1.64684605334 -0.00363488232591 -1.13485015056
7.21 1.61939422482 -0.00350465703994 -1.17369078636
7.22 1.59054566512 -0.00336383122853 -1.21249873064
7.23 1.5602799115 -0.00321217559492 -1.25120593017
7.24 1.5285795655 -0.00304948524017 -1.28974230472
7.25 1.49543050222 -0.00287558336147 -1.32803589713
7.26 1.460822073 -0.00269032519442 -1.36601304283
7.27 1.42474729962 -0.00249360218785 -1.40359855877
7.28 1.38720305808 -0.00228534639103 -1.44071595148
7.29 1.3481902501 -0.00206553502258 -1.477287644
7.3 1.30771396035 -0.00183419517772 -1.51323522086
7.31 1.26578359745 -0.0015914086153 -1.54847969048
7.32 1.22241301688 -0.00133731654936 -1.58294176385
7.33 1.17762062391 -0.00107212435118 -1.61654214813
7.34 1.13142945483 -0.00079610604773 -1.64920185392
7.35 1.08386723475 -0.000509608482776 -1.68084251426
7.36 1.03496641064 -0.000213054987359 -1.71138671359
7.37 0.984764157995 9.30516096061e-05 -1.74075832454
7.38 0.933302360253 0.000408126811907 -1.76888285021
7.39 0.880627559833 0.000731503314083 -1.79568776956
7.4 0.826790880221 0.00106243106938 -1.82110288332
7.41 0.771847918607 0.00140007873526 -1.84506065763
7.42 0.715858608958 0.00174353663696 -1.8674965628
7.43 0.658887055651 0.00209182134904 -1.88834940416
7.44 0.601001338111 0.00244388194216 -1.90756164226
7.45 0.542273287207 0.00279860787794 -1.92507969959
7.46 0.482778234458 0.00315483846352 -1.94085425092
7.47 0.422594735427 0.00351137370244 -1.95484049473
7.48 0.361804268944 0.00386698630591 -1.966998403
7.49 0.300490914128 0.00422043456509 -1.97729294705
7.5 0.2387410074 0.00457047573442 -1.98569429725
7.51 0.176642781952 0.00491587954555 -1.99217799449
7.52 0.114285992339 0.00525544146218 -1.99672509182
7.53 0.0517615270605 0.00558799530001 -1.99932226482
7.54 -0.0108389878755 0.00591242487186 -1.99996188953
7.55 -0.0734235912676 0.00622767437202 -1.9986420871
7.56 -0.135900391723 0.00653275728105 -1.99536673487
7.57 -0.198177972112 0.00682676364762 -1.9901454436
7.58 -0.260165790248 0.00710886567968 -1.98299350115
7.59 -0.321774572609 0.00737832164929 -1.97393178322
7.6 -0.38291669802 0.00763447817848 -1.96298663193
7.61 -0.443506568315 0.00787677102437 -1.95018970368
7.62 -0.503460963193 0.00810472451918 -1.93557778763
7.63 -0.562699376654 0.0083179498446 -1.9191925967
7.64 -0.621144332645 0.00851614233074 -1.9010805331
7.65 -0.678721677769 0.00869907796973 -1.8812924308
7.66 -0.735360849237 0.00886660932561 -1.85988327716
7.67 -0.790995116469 0.00901866100664 -1.83691191663
7.68 -0.8455617951 0.00915522484765 -1.81244073904
7.69 -0.899002432427 0.00927635492869 -1.7865353553
7.7 -0.951262963667 0.00938216253515 -1.75926426354
7.71 -1.00229383867 0.00947281114426 -1.73069850835
7.72 -1.05205011909 0.00954851150404 -1.70091133598
7.73 -1.10049154617 0.0096095168545 -1.66997784835
7.74 -1.14758257983 0.009656118327 -1.63797465849
7.75 -1.19329240964 0.00968864054616 -1.60497954982
7.76 -1.23759493888 0.00970743744939 -1.5710711419
7.77 -1.28046874272 0.00971288833196 -1.5363285647
7.78 -1.3218970021 0.00970539412049 -1.50083114345
7.79 -1.36186741477 0.00968537387314 -1.46465809598
7.8 -1.40037208516 0.00965326150272 -1.42788824411
7.81 -1.43740739499 0.00960950271681 -1.39059974051
7.82 -1.47297385637 0.0095545521678 -1.35286981228
7.83 -1.50707594941 0.00948887080545 -1.31477452213
7.84 -1.53972194618 0.00941292342413 -1.27638854795
7.85 -1.57092372306 0.00932717639685 -1.23778498137
7.86 -1.60069656341 0.00923209558873 -1.19903514556
7.87 -1.62905895232 0.00912814444212 -1.16020843249
7.88 -1.65603236546 0.00901578222653 -1.12137215955
7.89 -1.6816410536 0.00889546244624 -1.08259144537
7.9 -1.70591182457 0.00876763139898 -1.0439291046
7.91 -1.72887382424 0.00863272687904 -1.00544556088
7.92 -1.7505583179 0.0084911770186 -0.967198777681
7.93 -1.77099847343 0.00834339926078 -0.929244206215
7.94 -1.79022914753 0.00818979945846 -0.891634749504
7.95 -1.80828667598 0.00803077109255 -0.854420741897
7.96 -1.82520866912 0.0078666946037 -0.817649943005
7.97 -1.84103381316 0.00769793683144 -0.781367545114
7.98 -1.85580167832 0.00752485055468 -0.745616193065
7.99 -1.86955253416 0.00734777412764 -0.710436015573
8.0 -1.88232717284 0.00716703120522 -0.675864666962
8.01 -1.89416674056 0.00698293055214 -0.641937378289
8.02 -1.90511257754 0.00679576592984 -0.608687016834
8.03 -1.91520606677 0.00660581605561 -0.576144152982
8.04 -1.92448849155 0.0064133446285 -0.54433713351
8.05 -1.93300090199 0.00621860041634 -0.513292160372
8.06 -1.94078399036 0.00602181739886 -0.483033374074
8.07 -1.94787797513 0.00582321496179 -0.453582940796
8.08 -1.95432249368 0.00562299813696 -0.424961142462
8.09 -1.96015650337 0.00542135788394 -0.397186468998
8.1 -1.96541819077 0.00521847140853 -0.370275712074
8.11 -1.97014488862 0.0050145025142 -0.344244059676
8.12 -1.97437300044 0.00480960198221 -0.3191051909
8.13 -1.97813793223 0.004603907977 -0.294871370419
8.14 -1.98147403096 0.00439754647313 -0.271553542098
8.15 -1.98441452946 0.00419063170076 -0.249161421323
8.16 -1.98699149739 0.00398326660662 -0.2277035856
8.17 -1.98923579773 0.00377554332778 -0.20718756307
8.18 -1.99117704858 0.00356754367586 -0.187619918604
8.19 -1.99284358965 0.00335933962934 -0.169006337184
8.2 -1.99426245335 0.00315099383208 -0.151351704308
8.21 -1.9954593397 0.00294256009634 -0.134660183206
8.22 -1.99645859509 0.00273408390865 -0.118935288658
8.23 -1.9972831942 0.00252560293732 -0.104179957269
8.24 -1.99795472496 0.0023171475405 -0.0903966140373
8.25 -1.99849337606 0.00210874127369 -0.0775872351177
8.26 -1.99891792678 0.00190040139614 -0.0657534066698
8.27 -1.99924573881 0.00169213937545 -0.0548963797196
8.28 -1.99949274984 0.00148396138989 -0.045017120965
8.29 -1.99967346853 0.00127586882829 -0.0361163594778
8.3 -1.99980097074 0.00106785878715 -0.0281946292618
8.31 -1.99988689679 0.000859924565026 -0.021252307637
8.32 -1.9999414495 0.000652056154272 -0.0152896494294
8.33 -1.99997339287 0.000444240730147 -0.0103068169495
8.34 -1.99999005119 0.000236463137632 -0.00630390574985
8.35 -1.99999730861 2.87063762054e-05 -0.00328096615508
8.36 -1.99999960881 -0.000179047917088 -0.0012380205599
8.37 -1.99999995493 -0.00038681898585 -0.000175076493148
8.38 -1.99999990948 -0.00059462647342 -9.2135446945e-05
8.39 -1.99999959437 -0.000802489942374 -0.000989197470512
8.4 -1.99999769089 -0.00101042839397 -0.00286626152862
8.41 -1.99999143972 -0.00121845978709 -0.00572332162461
8.42 -1.99997664095 -0.00142660055619 -0.00956035868812
8.43 -1.99994765423 -0.00163486512784 -0.0143773282277
8.44 -1.99989739894 -0.00184326543552 -0.0201741437494
8.45 -1.99981735471 -0.00205181043212 -0.0269506559429
8.46 -1.99969756216 -0.00226050560013 -0.0347066276388
8.47 -1.99952662413 -0.00246935245901 -0.0434417045443
8.48 -1.99929170754 -0.00267834806976 -0.0531553817651
8.49 -1.998978546 -0.00288748453658 -0.0638469661294
8.5 -1.99857144336 -0.00309674850558 -0.0755155343352
8.51 -1.99805327854 -0.00330612066087 -0.0881598869465
8.52 -1.99740551166 -0.00351557521815 -0.101778498279
8.53 -1.99660819192 -0.00372507941621 -0.116369462223
8.54 -1.99563996742 -0.00393459300713 -0.13193043406
8.55 -1.99447809719 -0.00414406774562 -0.148458568362
8.56 -1.99309846586 -0.00435344687863 -0.165950453052
8.57 -1.99147560111 -0.00456266463627 -0.184402039756
8.58 -1.98958269443 -0.00477164572524 -0.203808570567
8.59 -1.98739162544 -0.00498030482646 -0.224164501393
8.6 -1.98487299025 -0.00518854609851 -0.245463422077
8.61 -1.98199613404 -0.00539626268882 -0.267697973505
8.62 -1.97872918852 -0.00560333625489 -0.290859761944
8.63 -1.97503911449 -0.00580963649799 -0.314939270924
8.64 -1.97089174988 -0.00601502071195 -0.339925770958
8.65 -1.96625186388 -0.00621933335008 -0.365807227482
8.66 -1.96108321724 -0.00642240561342 -0.392570207425
8.67 -1.95534862945 -0.0066240550638 -0.420199784853
8.68 -1.94901005293 -0.00682408526548 -0.448679446192
8.69 -1.94202865469 -0.00702228545931 -0.477990995577
8.7 -1.93436490582 -0.0072184302738 -0.508114460924
8.71 -1.92597867897 -0.00741227947748 -0.539028001374
8.72 -1.91682935428 -0.00760357777738 -0.570707816801
8.73 -1.90687593382 -0.00779205466857 -0.603128060132
8.74 -1.89607716471 -0.00797742434 -0.636260753285
8.75 -1.88439167123 -0.00815938564193 -0.670075707543
8.76 -1.87177809566 -0.00833762212059 -0.70454044927
8.77 -1.85819524813 -0.00851180212577 -0.739620151882
8.78 -1.84360226509 -0.00868157899706 -0.775277575033
8.79 -1.82795877651 -0.00884659133496 -0.811473012007
8.8 -1.81122508123 -0.00900646336258 -0.848164246321
8.81 -1.79336233032 -0.00916080538424 -0.88530651857
8.82 -1.77433271778 -0.0093092143471 -0.922852504538
8.83 -1.75409967809 -0.00945127451191 -0.960752305607
8.84 -1.73262808984 -0.00958655823913 -0.998953452466
8.85 -1.70988448463 -0.00971462689662 -1.0374009231
8.86 -1.68583726022 -0.00983503189502 -1.07603717602
8.87 -1.66045689698 -0.00994731585712 -1.11480219958
8.88 -1.6337161762 -0.0100510139274 -1.15363357819
8.89 -1.60559039925 -0.0101456552276 -1.19246657627
8.9 -1.57605760581 -0.0102307644657 -1.23123424035
8.91 -1.54509878995 -0.0103058637031 -1.26986752005
8.92 -1.5126981121 -0.0103704742872 -1.30829540812
8.93 -1.47884310543 -0.010424118957 -1.34644509998
8.94 -1.44352487466 -0.0104663241261 -1.38424217256
8.95 -1.4067382855 -0.0104966223518 -1.42161078254
8.96 -1.36848214272 -0.0105145549964 -1.45847388362
8.97 -1.32875935507 -0.0105196750874 -1.4947534622
8.98 -1.28757708486 -0.0105115503835 -1.53037079097
8.99 -1.24494688052 -0.010489766652 -1.56524669924
9.0 -1.20088479005 -0.0104539311633 -1.59930185905
9.01 -1.15541145371 -0.0104036764057 -1.63245708555
9.02 -1.10855217412 -0.0103386640226 -1.66463365017
9.03 -1.06033696227 -0.0102585889698 -1.69575360468
9.04 -1.01080055797 -0.0101631838871 -1.72574011418
9.05 -0.959982423429 -0.010052223672 -1.75451779686
9.06 -0.907926709069 -0.00992553023589 -1.78201306808
9.07 -0.854682190577 -0.0097829774132 -1.80815448634
9.08 -0.800302176749 -0.00962449598116 -1.83287309844
9.09 -0.744844387773 -0.00945007873458 -1.8561027811
9.1 -0.688370803952 -0.00925978554218 -1.87778057628
9.11 -0.630947485158 -0.00905374829246 -1.89784701718
9.12 -0.572644361592 -0.00883217561651 -1.91624644235
9.13 -0.513534996771 -0.00859535725384 -1.93292729478
9.14 -0.453696323939 -0.00834366790695 -1.94784240349
9.15 -0.393208357413 -0.00807757041209 -1.96094924476
9.16 -0.332153880683 -0.00779761803975 -1.97221018066
9.17 -0.270618113338 -0.00750445573177 -1.98159267254
9.18 -0.208688359151 -0.0071988200839 -1.9890694673
9.19 -0.146453637904 -0.00688153789653 -1.99461875464
9.2 -0.0840043037153 -0.00655352314316 -1.99822429379
9.21 -0.0214316528124 -0.00621577224739 -1.99987550823
9.22 0.0411724761835 -0.00586935761382 -1.99956754771
9.23 0.103716106285 -0.00551541942511 -1.99730131664
9.24 0.16610752726 -0.00515515579288 -1.99308346884
9.25 0.228255698621 -0.00478981142883 -1.98692636848
9.26 0.290070647253 -0.00442066507973 -1.97884801774
9.27 0.351463856568 -0.00404901603811 -1.9688719519
9.28 0.412348644134 -0.00367617009398 -1.95702710289
9.29 0.472640524909 -0.00330342532697 -1.94334763272
9.3 0.532257557358 -0.00293205814897 -1.92787273845
9.31 0.591120669985 -0.00256330999391 -1.91064643065
9.32 0.649153965992 -0.00219837501499 -1.89171728744
9.33 0.706285004109 -0.00183838909389 -1.87113818659
9.34 0.762445053852 -0.00148442039644 -1.84896601817
9.35 0.817569323817 -0.00113746163111 -1.82526138044
9.36 0.871597161887 -0.000798424086869 -1.8000882617
9.37 0.924472226546 -0.000468133451015 -1.77351371103
9.38 0.976142628817 -0.00014732734102 -1.7456075007
9.39 1.02656104463 0.000163345570562 -1.71644178316
9.4 1.07568479771 0.000463324999764 -1.68609074528
9.41 1.12347591338 0.000752137251739 -1.65463026273
9.42 1.16990114396 0.00102939237973 -1.62213755696
9.43 1.21493196655 0.00129478050579 -1.58869085734
9.44 1.25854455446 0.00154806749889 -1.55436907069
9.45 1.30071972344 0.00178909019154 -1.51925146049
9.46 1.34144285436 0.00201775129701 -1.48341733749
9.47 1.38070379381 0.00223401416732 -1.44694576365
9.48 1.41849673442 0.00243789751009 -1.40991527089
9.49 1.45482007687 0.0026294701603 -1.37240359582
9.5 1.4896762752 0.00280884598259 -1.33448743175
9.51 1.52307166762 0.00297617896144 -1.29624219868
9.52 1.55501629469 0.00313165852076 -1.257741832
9.53 1.58552370671 0.00327550510077 -1.21905859027
9.54 1.61461076239 0.00340796600892 -1.18026288248
9.55 1.64229742051 0.00352931155304 -1.14142311461
9.56 1.6686065265 0.00363983145742 -1.10260555565
9.57 1.69356359555 0.00373983155792 -1.06387422258
9.58 1.71719659391 0.00382963076775 -1.02529078401
9.59 1.73953571988 0.00390955830334 -0.986914481921
9.6 1.76061318592 0.00397995115783 -0.948802070798
9.61 1.78046300319 0.00404115180849 -0.911007773488
9.62 1.79912076958 0.00409350614429 -0.873583252848
9.63 1.81662346241 0.00413736159942 -0.836577598352
9.64 1.8330092366 0.00417306547895 -0.800037326667
9.65 1.84831722926 0.00420096346325 -0.764006395221
9.66 1.86258737118 0.00422139827831 -0.728526227748
9.67 1.87586020601 0.00423470851961 -0.693635750769
9.68 1.88817671739 0.00424122761828 -0.659371439999
9.69 1.89957816451 0.00424128293825 -0.625767375642
9.7 1.91010592632 0.00423519499466 -0.592855305579
9.71 1.91980135451 0.00422327678356 -0.560664715471
9.72 1.92870563539 0.00420583321427 -0.529222904813
9.73 1.93685966071 0.00418316063591 -0.498555068055
9.74 1.94430390718 0.00415554645036 -0.468684379892
9.75 1.95107832479 0.00412326880438 -0.439632083909
9.76 1.95722223354 0.00408659635417 -0.411417583803
9.77 1.96277422853 0.00404578809591 -0.384058536445
9.78 1.96777209294 0.00400109325657 -0.357570946103
9.79 1.97225271877 0.00395275123938 -0.331969259196
9.8 1.9762520349 0.00390099161887 -0.307266459
9.81 1.9798049421 0.00384603418076 -0.283474159759
9.82 1.98294525473 0.00378808900229 -0.26060269974
9.83 1.98570564858 0.00372735656884 -0.238661232772
9.84 1.98811761453 0.00366402792308 -0.217657817883
9.85 1.99021141774 0.00359828484314 -0.197599506689
9.86 1.9920160617 0.00353030004659 -0.178492428206
9.87 1.99355925701 0.00346023741714 -0.160341870824
9.88 1.9948673944 0.00338825225156 -0.143152361203
9.89 1.9959655215 0.00331449152397 -0.12692773986
9.9 1.9968773232 0.00323909416563 -0.111671233302
9.91 1.99762510511 0.0031621913578 -0.0973855225207
9.92 1.99822977971 0.00308390683606 -0.0840728077346
9.93 1.99871085512 0.00300435720424 -0.0717348692737
9.94 1.99908642587 0.00292365225657 -0.0603731245083
9.95 1.99937316563 0.00284189530665 -0.0499886807568
9.96 1.99958632147 0.00275918352206 -0.0405823841138
9.97 1.99973970952 0.00267560826364 -0.0321548641524
9.98 1.99984571169 0.00259125542845 -0.0247065744687
9.99 1.99991527334 0.00250620579568 -0.0182378290403
10.0 1.99995790161 0.00242053537495 -0.0127488343815

h= 0.01
hmin= 0.0321490383307
