0.0 1.0 0.0 1.73205080757
0.01 1.00021217622 0.0 1.73192829024
0.02 1.00084870483 0.0 1.73156053029
0.03 1.00190958524 0.0 1.73094690358
0.04 1.00339481523 0.0 1.73008636916
0.05 1.00530438899 0.0 1.72897746818
0.06 1.00763829444 0.0 1.72761832231
0.07 1.01039650974 0.0 1.72600663182
0.08 1.01357899904 0.0 1.7241396732
0.09 1.01718570734 0.0 1.72201429633
0.1 1.02121655464 0.0 1.71962692132
0.11 1.02567142911 0.0 1.71697353489
0.12 1.0305501795 0.0 1.71404968642
0.13 1.03585260657 0.0 1.71085048366
0.14 1.0415784537 0.0 1.70737058801
0.15 1.0477273964 0.0 1.70360420956
0.16 1.05429903102 0.0 1.69954510184
0.17 1.06129286229 0.0 1.69518655624
0.18 1.06870828985 0.0 1.69052139626
0.19 1.07654459376 0.0 1.68554197149
0.2 1.08480091873 0.0 1.6802401515
0.21 1.09347625734 0.0 1.67460731953
0.22 1.10256943186 0.0 1.66863436616
0.23 1.11207907495 0.0 1.66231168289
0.24 1.12200360893 0.0 1.6556291558
0.25 1.13234122374 0.0 1.6485761593
0.26 1.14308985342 0.0 1.64114154996
0.27 1.15424715115 0.0 1.63331366065
0.28 1.16581046275 0.0 1.62508029492
0.29 1.17777679857 0.0 1.61642872183
0.3 1.19014280371 0.0 1.60734567122
0.31 1.20290472662 0.0 1.59781732957
0.32 1.21605838587 0.0 1.5878293366
0.33 1.2295991351 0.0 1.57736678264
0.34 1.24352182619 0.0 1.56641420697
0.35 1.25782077044 0.0 1.55495559726
0.36 1.27248969781 0.0 1.54297439025
0.37 1.28752171421 0.0 1.53045347379
0.38 1.30290925668 0.0 1.51737519053
0.39 1.3186440466 0.0 1.50372134332
0.4 1.33471704072 0.0 1.48947320258
0.41 1.35111838015 0.0 1.4746115159
0.42 1.36783733723 0.0 1.45911651998
0.43 1.38486226036 0.0 1.44296795523
0.44 1.40218051663 0.0 1.42614508336
0.45 1.41977843258 0.0 1.40862670797
0.46 1.43764123284 0.0 1.39039119878
0.47 1.455752977 0.0 1.3714165195
0.48 1.47409649454 0.0 1.35168025982
0.49 1.49265331817 0.0 1.33115967177
0.5 1.51140361561 0.0 1.30983171083
0.51 1.53032612 0.0 1.28767308213
0.52 1.54939805913 0.0 1.26466029208
0.53 1.56859508382 0.0 1.24076970588
0.54 1.58789119567 0.0 1.21597761111
0.55 1.60725867446 0.0 1.19026028808
0.56 1.6266680057 0.0 1.16359408697
0.57 1.64608780862 0.0 1.13595551247
0.58 1.66548476515 0.0 1.10732131609
0.59 1.6848235504 0.0 1.07766859656
0.6 1.70406676523 0.0 1.0469749088
0.61 1.72317487147 0.0 1.01521838159
0.62 1.74210613072 0.0 0.982377844467
0.63 1.76081654721 0.0 0.948432963932
0.64 1.77925981581 0.0 0.913364389416
0.65 1.79738727599 0.0 0.877153909025
0.66 1.81514787273 0.0 0.839784615312
0.67 1.83248812546 0.0 0.801241081097
0.68 1.8493521061 0.0 0.761509545356
0.69 1.86568142745 0.0 0.720578109072
0.7 1.88141524318 0.0 0.678436940862
0.71 1.89649026069 0.0 0.635078492072
0.72 1.91084076825 0.0 0.590497720906
0.73 1.92439867778 0.0 0.544692325029
0.74 1.93709358484 0.0 0.497662981914
0.75 1.94885284711 0.0 0.449413596046
0.76 1.95960168302 0.0 0.399951551936
0.77 1.96926329191 0.0 0.34928797167
0.78 1.97775899712 0.0 0.297437975555
0.79 1.98500841359 0.0 0.244420944201
0.8 1.99092964103 0.0 0.190260780139
0.81 1.99543948411 0.0 0.134986166886
0.82 1.99845370065 0.0 0.0786308231101
0.83 1.9998872788 0.0 0.0212337493392
0.84 1.99965474385 0.0 -0.0371605355857
0.85 1.99767049539 0.0 -0.0965017713093
0.86 1.9938491748 0.0 -0.156733749234
0.87 1.98810606327 0.0 -0.217794125661
0.88 1.98035750977 0.0 -0.279614258374
0.89 1.97052138829 0.0 -0.342119070363
0.9 1.95851758314 0.0 -0.405226944493
0.91 1.94426850072 0.0 -0.468849652997
0.92 1.92769960556 0.0 -0.532892325647
0.93 1.90873997809 0.0 -0.597253460458
0.94 1.88732289103 0.0 -0.661824980643
0.95 1.86338640059 0.0 -0.726492341381
0.96 1.83687394852 0.0 -0.791134689706
0.97 1.80773496995 0.0 -0.855625080526
0.98 1.77592550207 0.0 -0.919830751342
0.99 1.74140878763 0.0 -0.983613457802
1.0 1.70415586725 0.0 -1.04682987163
1.01 1.66414615374 0.0 -1.10933204182
1.02 1.62136798164 0.0 -1.17096791933
1.03 1.57581912469 0.0 -1.2315819446
1.04 1.52750727376 0.0 -1.2910156965
1.05 1.476450468 0.0 -1.34910860035
1.06 1.42267747166 0.0 -1.40569869163
1.07 1.36622808936 0.0 -1.46062343123
1.08 1.30715341304 0.0 -1.51372056694
1.09 1.24551599394 0.0 -1.56482903502
1.1 1.18138993392 0.0 -1.61378989464
1.11 1.11486089083 0.0 -1.66044728736
1.12 1.04602599368 0.0 -1.70464941279
1.13 0.974993664389 0.0 -1.74624951092
1.14 0.901883343687 0.0 -1.78510684117
1.15 0.826825120412 0.0 -1.8210876476
1.16 0.749959264247 0.0 -1.85406609968
1.17 0.671435663583 0.0 -1.88392519747
1.18 0.591413171431 0.0 -1.91055763081
1.19 0.510058863678 0.0 -1.93386658164
1.2 0.427547215354 0.0 -1.9537664596
1.21 0.344059201829 0.0 -1.97018356141
1.22 0.259781333098 0.0 -1.98305664543
1.23 0.174904630368 0.0 -1.99233741376
1.24 0.0896235551654 0.0 -1.99799089546
1.25 0.00413490192765 0.0 -1.99999572564
1.26 -0.0813633342847 0.0 -1.99834431664
1.27 -0.166673102934 0.0 -1.99304291895
1.28 -0.251597443743 0.0 -1.98411157103
1.29 -0.335941620763 0.0 -1.97158393873
1.3 -0.419514232695 0.0 -1.95550704641
1.31 -0.50212828781 0.0 -1.93594090369
1.32 -0.583602232413 0.0 -1.91295803256
1.33 -0.663760922551 0.0 -1.88664290148
1.34 -0.742436529665 0.0 -1.85709127385
1.35 -0.819469371903 0.0 -1.8244094794
1.36 -0.894708664059 0.0 -1.78871361779
1.37 -0.968013180345 0.0 -1.7501287046
1.38 -1.03925182558 0.0 -1.70878777004
1.39 -1.10830411168 0.0 -1.66483092115
1.4 -1.17506053781 0.0 -1.61840437854
1.41 -1.2394228737 0.0 -1.56965949816
1.42 -1.30130434714 0.0 -1.51875178884
1.43 -1.36062973773 0.0 -1.4658399356
1.44 -1.41733538001 0.0 -1.41108483819
1.45 -1.47136908029 0.0 -1.35464867385
1.46 -1.52268995216 0.0 -1.29669399227
1.47 -1.5712681766 0.0 -1.23738284989
1.48 -1.61708469293 0.0 -1.17687599002
1.49 -1.6601308277 0.0 -1.11533207384
1.5 -1.70040786843 0.0 -1.05290696691
1.51 -1.73792658993 0.0 -0.989753084373
1.52 -1.77270674023 0.0 -0.926018797403
1.53 -1.80477649395 0.0 -0.861847902418
1.54 -1.83417187995 0.0 -0.797379153733
1.55 -1.86093619056 0.0 -0.732745859541
1.56 -1.8851193788 0.0 -0.66807554039
1.57 -1.90677745003 0.0 -0.603489648663
1.58 -1.92597185371 0.0 -0.53910334699
1.59 -1.94276888061 0.0 -0.475025343056
1.6 -1.95723907038 0.0 -0.411357777837
1.61 -1.96945663354 0.0 -0.348196163983
1.62 -1.97949889177 0.0 -0.285629370799
1.63 -1.98744573965 0.0 -0.223739652127
1.64 -1.99337913043 0.0 -0.162602713288
1.65 -1.99738258811 0.0 -0.102287813208
1.66 -1.99954074742 0.0 -0.0428578978761
1.67 -1.99993892298 0.0 0.0156302387051
1.68 -1.99866270836 0.0 0.0731257697659
1.69 -1.99579760563 0.0 0.129583630812
1.7 -1.99142868527 0.0 0.184964297873
1.71 -1.98564027646 0.0 0.239233552195
1.72 -1.97851568705 0.0 0.292362234402
1.73 -1.97013695259 0.0 0.344325990927
1.74 -1.96058461354 0.0 0.395105015328
1.75 -1.94993751945 0.0 0.444683786808
1.76 -1.938272659 0.0 0.493050808101
1.77 -1.92566501461 0.0 0.540198344611
1.78 -1.91218744007 0.0 0.58612216649
1.79 -1.89791055996 0.0 0.630821295134
1.8 -1.88290268923 0.0 0.674297755366
1.81 -1.86722977152 0.0 0.716556334382
1.82 -1.85095533477 0.0 0.757604348372
1.83 -1.83414046263 0.0 0.797451417534
1.84 -1.81684378027 0.0 0.836109250097
1.85 -1.79912145321 0.0 0.873591435751
1.86 -1.78102719787 0.0 0.909913248849
1.87 -1.76261230261 0.0 0.945091461548
1.88 -1.74392565788 0.0 0.97914416701
1.89 -1.72501379465 0.0 1.01209061267
1.9 -1.70592092982 0.0 1.04395104349
1.91 -1.68668901764 0.0 1.07474655514
1.92 -1.66735780639 0.0 1.10449895675
1.93 -1.64796489929 0.0 1.13323064321
1.94 -1.62854581888 0.0 1.16096447656
1.95 -1.60913407425 0.0 1.18772367623
1.96 -1.58976123043 0.0 1.21353171785
1.97 -1.57045697923 0.0 1.23841224008
1.98 -1.5512492112 0.0 1.26238895938
1.99 -1.53216408805 0.0 1.28548559202
2.0 -1.51322611528 0.0 1.3077257832
2.01 -1.49445821442 0.0 1.32913304276
2.02 -1.47588179479 0.0 1.34973068714
2.03 -1.45751682434 0.0 1.36954178716
2.04 -1.43938189932 0.0 1.38858912134
2.05 -1.4214943127 0.0 1.40689513432
2.06 -1.40387012098 0.0 1.42448189999
2.07 -1.38652420939 0.0 1.4413710892
2.08 -1.36947035522 0.0 1.45758394138
2.09 -1.35272128937 0.0 1.4731412401
2.1 -1.3362887558 0.0 1.48806329204
2.11 -1.32018356906 0.0 1.50236990917
2.12 -1.30441566969 0.0 1.51608039387
2.13 -1.28899417753 0.0 1.52921352671
2.14 -1.27392744299 0.0 1.5417875567
2.15 -1.25922309614 0.0 1.55382019363
2.16 -1.24488809376 0.0 1.56532860257
2.17 -1.23092876431 0.0 1.57632939996
2.18 -1.21735085092 0.0 1.58683865146
2.19 -1.20415955224 0.0 1.59687187111
2.2 -1.19135956151 0.0 1.60644402181
2.21 -1.17895510355 0.0 1.61556951686
2.22 -1.16694997001 0.0 1.62426222252
2.23 -1.15534755273 0.0 1.6325354613
2.24 -1.14415087535 0.0 1.6404020161
2.25 -1.13336262325 0.0 1.64787413482
2.26 -1.12298517177 0.0 1.65496353554
2.27 -1.11302061292 0.0 1.66168141207
2.28 -1.10347078045 0.0 1.66803843981
2.29 -1.09433727353 0.0 1.67404478189
2.3 -1.08562147892 0.0 1.67971009538
2.31 -1.07732459179 0.0 1.68504353769
2.32 -1.06944763525 0.0 1.69005377295
2.33 -1.06199147851 0.0 1.69474897833
2.34 -1.05495685393 0.0 1.69913685039
2.35 -1.04834437275 0.0 1.70322461118
2.36 -1.04215453981 0.0 1.70701901429
2.37 -1.03638776707 0.0 1.71052635065
2.38 -1.03104438614 0.0 1.71375245406
2.39 -1.02612465975 0.0 1.71670270654
2.4 -1.02162879225 0.0 1.71938204331
2.41 -1.01755693914 0.0 1.72179495748
2.42 -1.01390921572 0.0 1.72394550444
2.43 -1.01068570477 0.0 1.72583730582
2.44 -1.00788646342 0.0 1.72747355316
2.45 -1.00551152915 0.0 1.72885701108
2.46 -1.00356092493 0.0 1.72999002019
2.47 -1.00203466365 0.0 1.73087449945
2.48 -1.00093275157 0.0 1.73151194822
2.49 -1.00025519118 0.0 1.73190344781
2.5 -1.00000198315 0.0 1.73204966259
2.51 -1.00017312757 0.0 1.73195084078
2.52 -1.00076862438 0.0 1.73160681462
2.53 -1.00178847311 0.0 1.73101700025
2.54 -1.00323267175 0.0 1.73018039705
2.55 -1.00510121495 0.0 1.72909558663
2.56 -1.00739409137 0.0 1.72776073132
2.57 -1.01011128029 0.0 1.72617357222
2.58 -1.01325274742 0.0 1.72433142692
2.59 -1.01681843986 0.0 1.72223118667
2.6 -1.02080828032 0.0 1.7198693133
2.61 -1.02522216035 0.0 1.7172418356
2.62 -1.03005993287 0.0 1.71434434543
2.63 -1.03532140369 0.0 1.71117199342
2.64 -1.04100632216 0.0 1.70771948435
2.65 -1.04711437087 0.0 1.70398107217
2.66 -1.05364515431 0.0 1.69995055481
2.67 -1.06059818665 0.0 1.69562126858
2.68 -1.06797287832 0.0 1.69098608249
2.69 -1.0757685216 0.0 1.68603739221
2.7 -1.08398427502 0.0 1.680767114
2.71 -1.09261914661 0.0 1.67516667841
2.72 -1.10167197596 0.0 1.66922702392
2.73 -1.11114141493 0.0 1.66293859058
2.74 -1.12102590713 0.0 1.65629131361
2.75 -1.13132366597 0.0 1.64927461716
2.76 -1.1420326513 0.0 1.64187740814
2.77 -1.15315054458 0.0 1.63408807031
2.78 -1.16467472257 0.0 1.62589445863
2.79 -1.17660222931 0.0 1.61728389406
2.8 -1.18892974658 0.0 1.60824315876
2.81 -1.2016535626 0.0 1.59875849192
2.82 -1.21476953899 0.0 1.58881558626
2.83 -1.22827307595 0.0 1.5783995853
2.84 -1.24215907554 0.0 1.56749508167
2.85 -1.25642190305 0.0 1.55608611636
2.86 -1.27105534651 0.0 1.54415617931
2.87 -1.28605257409 0.0 1.53168821131
2.88 -1.30140608952 0.0 1.51866460753
2.89 -1.31710768547 0.0 1.50506722271
2.9 -1.33314839483 0.0 1.49087737838
2.91 -1.34951843985 0.0 1.4760758722
2.92 -1.36620717928 0.0 1.46064298968
2.93 -1.38320305329 0.0 1.4445585185
2.94 -1.40049352644 0.0 1.42780176579
2.95 -1.41806502852 0.0 1.41035157847
2.96 -1.43590289345 0.0 1.39218636705
2.97 -1.45399129626 0.0 1.37328413316
2.98 -1.47231318827 0.0 1.35362250116
2.99 -1.49085023054 0.0 1.33317875399
3.0 -1.5095827258 0.0 1.31192987388
3.01 -1.52848954895 0.0 1.289852588
3.02 -1.54754807646 0.0 1.26692341956
3.03 -1.5667341148 0.0 1.24311874473
3.04 -1.58602182819 0.0 1.21841485566
3.05 -1.60538366607 0.0 1.19278803008
3.06 -1.6247902906 0.0 1.16621460785
3.07 -1.64421050458 0.0 1.13867107481
3.08 -1.66361118034 0.0 1.11013415435
3.09 -1.68295719001 0.0 1.08058090702
3.1 -1.70221133787 0.0 1.04998883861
3.11 -1.72133429536 0.0 1.01833601705
3.12 -1.74028453936 0.0 0.985601198286
3.13 -1.75901829474 0.0 0.951763961697
3.14 -1.77748948177 0.0 0.916804855021
3.15 -1.79564966952 0.0 0.880705549185
3.16 -1.81344803597 0.0 0.843449003093
3.17 -1.83083133622 0.0 0.805019638475
3.18 -1.84774387949 0.0 0.765403524808
3.19 -1.8641275166 0.0 0.724588574206
3.2 -1.87992163862 0.0 0.682564746115
3.21 -1.89506318856 0.0 0.63932426151
3.22 -1.90948668698 0.0 0.594861826172
3.23 -1.92312427326 0.0 0.549174862502
3.24 -1.93590576379 0.0 0.502263749152
3.25 -1.94775872868 0.0 0.454132067614
3.26 -1.95860858832 0.0 0.404786854718
3.27 -1.96837873139 0.0 0.354238859809
3.28 -1.97699065574 0.0 0.30250280516
3.29 -1.98436413345 0.0 0.249597647991
3.3 -1.99041740158 0.0 0.195546842225
3.31 -1.99506737963 0.0 0.140378597895
3.32 -1.99822991501 0.0 0.084126135893
3.33 -1.99982005737 0.0 0.0268279355166
3.34 -1.99975236253 0.0 -0.0314720279568
3.35 -1.99794122666 0.0 -0.0907240586515
3.36 -1.99430125086 0.0 -0.150872531626
3.37 -1.98874763625 0.0 -0.21185570394
3.38 -1.98119660904 0.0 -0.273605548813
3.39 -1.97156587499 0.0 -0.336047616554
3.4 -1.9597751021 0.0 -0.399100926078
3.41 -1.94574642986 0.0 -0.462677890853
3.42 -1.92940500307 0.0 -0.526684283171
3.43 -1.91067952762 0.0 -0.591019240568
3.44 -1.88950284526 0.0 -0.655575318151
3.45 -1.86581252351 0.0 -0.720238590401
3.46 -1.83955145689 0.0 -0.784888805788
3.47 -1.81066847441 0.0 -0.849399597241
3.48 -1.77911894838 0.0 -0.913638751093
3.49 -1.74486539877 0.0 -0.977468536675
3.5 -1.70787808674 0.0 -1.04074609816
3.51 -1.66813559114 0.0 -1.10332390963
3.52 -1.62562536069 0.0 -1.16505029362
3.53 -1.58034423484 0.0 -1.22577000265
3.54 -1.53229892593 0.0 -1.28532486228
3.55 -1.48150645512 0.0 -1.34355447356
3.56 -1.42799453482 0.0 -1.40029697155
3.57 -1.3718018902 0.0 -1.45538983576
3.58 -1.31297851304 0.0 -1.50867074748
3.59 -1.25158584123 0.0 -1.55997848768
3.6 -1.18769685814 0.0 -1.60915386871
3.61 -1.12139610645 0.0 -1.65604069166
3.62 -1.05277961229 0.0 -1.7004867209
3.63 -0.981954716046 0.0 -1.74234466614
3.64 -0.909039807662 0.0 -1.78147316233
3.65 -0.834163965252 0.0 -1.8177377366
3.66 -0.757466497136 0.0 -1.85101175191
3.67 -0.679096388773 0.0 -1.88117731614
3.68 -0.599211657392 0.0 -1.90812614616
3.69 -0.517978618501 0.0 -1.93176037613
3.7 -0.435571069796 0.0 -1.95199329998
3.71 -0.352169399287 0.0 -1.96875003853
3.72 -0.267959625657 0.0 -1.9819681226
3.73 -0.183132380003 0.0 -1.99159798438
3.74 -0.0978818390615 0.0 -1.99760335041
3.75 -0.012404620838 0.0 -1.99996153098
3.76 0.073101345801 0.0 -1.99866360182
3.77 0.158437965562 0.0 -1.99371447581
3.78 0.243408122942 0.0 -1.98513286348
3.79 0.327816817956 0.0 -1.97295112303
3.8 0.411472279274 0.0 -1.95721500183
3.81 0.494187043057 0.0 -1.93798327301
3.82 0.575778986374 0.0 -1.915327272
3.83 0.656072304824 0.0 -1.88933033926
3.84 0.734898424954 0.0 -1.86008717672
3.85 0.812096843086 0.0 -1.82770312618
3.86 0.887515883397 0.0 -1.79229337909
3.87 0.96101336934 0.0 -1.7539821276
3.88 1.03245720384 0.0 -1.71290166742
3.89 1.10172585503 0.0 -1.66919146306
3.9 1.16870874578 0.0 -1.62299718655
3.91 1.23330654632 0.0 -1.5744697402
3.92 1.29543137097 0.0 -1.52376427413
3.93 1.3550068808 0.0 -1.47103920852
3.94 1.41196829535 0.0 -1.41645527036
3.95 1.46626231763 0.0 -1.36017455347
3.96 1.51784697721 0.0 -1.30235961001
3.97 1.56669139738 0.0 -1.24317258069
3.98 1.61277549248 0.0 -1.18277437022
3.99 1.65608960247 0.0 -1.12132387319
4.0 1.69663407173 0.0 -1.05897725502
4.01 1.73441877954 0.0 -0.99588729141
4.02 1.76946262971 0.0 -0.932202768739
4.03 1.80179300672 0.0 -0.868067947197
4.04 1.83144520552 0.0 -0.803622087283
4.05 1.85846184231 0.0 -0.738999039696
4.06 1.88289225259 0.0 -0.674326897818
4.07 1.90479188311 0.0 -0.609727711378
4.08 1.92422168337 0.0 -0.545317259274
4.09 1.94124750209 0.0 -0.481204879048
4.1 1.9559394936 0.0 -0.417493350095
4.11 1.96837153822 0.0 -0.354278827347
4.12 1.9786206807 0.0 -0.291650821911
4.13 1.98676658966 0.0 -0.229692224968
4.14 1.99289104105 0.0 -0.168479371105
4.15 1.99707742755 0.0 -0.108082137212
4.16 1.99941029576 0.0 -0.0485640730736
4.17 1.99997491257 0.0 0.0100174401709
4.18 1.99885686123 0.0 0.067611007418
4.19 1.99614166799 0.0 0.124171016444
4.2 1.99191445908 0.0 0.179657417634
4.21 1.98625964805 0.0 0.234035489849
4.22 1.97926065293 0.0 0.287275595476
4.23 1.97099964247 0.0 0.339352927497
4.24 1.96155731064 0.0 0.390247251187
4.25 1.95101267834 0.0 0.439942642809
4.26 1.93944292091 0.0 0.488427227478
4.27 1.92692322045 0.0 0.535692918097
4.28 1.91352664131 0.0 0.581735157085
4.29 1.89932402745 0.0 0.62655266239
4.3 1.88438392012 0.0 0.670147179066
4.31 1.86877249444 0.0 0.712523237531
4.32 1.85255351344 0.0 0.7536879194
4.33 1.83578829794 0.0 0.793650631674
4.34 1.81853571107 0.0 0.832422889855
4.35 1.80085215592 0.0 0.870018110464
4.36 1.78279158495 0.0 0.906451413279
4.37 1.7644055201 0.0 0.941739433512
4.38 1.74574308215 0.0 0.975900144035
4.39 1.72685102833 0.0 1.00895268768
4.4 1.70777379711 0.0 1.04091721952
4.41 1.68855355916 0.0 1.07181475911
4.42 1.66923027345 0.0 1.10166705233
4.43 1.64984174785 0.0 1.13049644275
4.44 1.63042370318 0.0 1.15832575216
4.45 1.61100984023 0.0 1.18517817002
4.46 1.59163190892 0.0 1.21107715134
4.47 1.57231977907 0.0 1.23604632289
4.48 1.55310151223 0.0 1.26010939712
4.49 1.53400343412 0.0 1.28329009351
4.5 1.51505020721 0.0 1.30561206706
4.51 1.49626490303 0.0 1.32709884332
4.52 1.47766907404 0.0 1.34777375981
4.53 1.45928282446 0.0 1.36765991322
4.54 1.4411248802 0.0 1.38678011223
4.55 1.42321265728 0.0 1.40515683543
4.56 1.4055623289 0.0 1.42281219406
4.57 1.38818889073 0.0 1.43976789923
4.58 1.37110622449 0.0 1.45604523322
4.59 1.35432715961 0.0 1.47166502464
4.6 1.33786353295 0.0 1.48664762712
4.61 1.32172624647 0.0 1.50101290114
4.62 1.30592532285 0.0 1.51478019895
4.63 1.29046995903 0.0 1.52796835204
4.64 1.27536857763 0.0 1.54059566116
4.65 1.26062887629 0.0 1.55267988854
4.66 1.24625787488 0.0 1.56423825209
4.67 1.23226196073 0.0 1.57528742144
4.68 1.21864693173 0.0 1.58584351554
4.69 1.20541803745 0.0 1.59592210179
4.7 1.19258001835 0.0 1.60553819632
4.71 1.18013714297 0.0 1.61470626548
4.72 1.16809324338 0.0 1.62344022827
4.73 1.15645174864 0.0 1.63175345965
4.74 1.14521571668 0.0 1.63965879446
4.75 1.13438786432 0.0 1.64716853214
4.76 1.12397059569 0.0 1.65429444175
4.77 1.11396602907 0.0 1.66104776755
4.78 1.10437602214 0.0 1.66743923479
4.79 1.09520219575 0.0 1.67347905587
4.8 1.08644595626 0.0 1.67917693652
4.81 1.07810851651 0.0 1.68454208218
4.82 1.07019091542 0.0 1.68958320439
4.83 1.06269403633 0.0 1.69430852714
4.84 1.05561862411 0.0 1.69872579318
4.85 1.04896530107 0.0 1.70284227019
4.86 1.04273458171 0.0 1.7066647568
4.87 1.03692688642 0.0 1.71019958842
4.88 1.03154255406 0.0 1.71345264281
4.89 1.02658185354 0.0 1.71642934547
4.9 1.02204499444 0.0 1.71913467458
4.91 1.01793213658 0.0 1.72157316584
4.92 1.01424339879 0.0 1.72374891676
4.93 1.01097886669 0.0 1.72566559075
4.94 1.00813859961 0.0 1.72732642079
4.95 1.0057226367 0.0 1.72873421267
4.96 1.00373100213 0.0 1.72989134785
4.97 1.00216370958 0.0 1.730799786
4.98 1.00102076583 0.0 1.73146106695
4.99 1.00030217364 0.0 1.73187631239
5.0 1.00000793378 0.0 1.73204622697
5.01 1.00013804637 0.0 1.73197109912
5.02 1.00069251137 0.0 1.73165080131
5.03 1.00167132838 0.0 1.73108478992
5.04 1.0030744956 0.0 1.73027210469
5.05 1.0049020081 0.0 1.72921136768
5.06 1.00715385527 0.0 1.72790078182
5.07 1.00983001747 0.0 1.72633812905
5.08 1.01293046192 0.0 1.72452076801
5.09 1.01645513777 0.0 1.72244563133
5.1 1.02040397034 0.0 1.72010922249
5.11 1.02477685454 0.0 1.71750761233
5.12 1.02957364737 0.0 1.71463643512
5.13 1.03479415958 0.0 1.71149088437
5.14 1.04043814643 0.0 1.70806570818
5.15 1.04650529741 0.0 1.70435520432
5.16 1.05299522512 0.0 1.70035321503
5.17 1.05990745302 0.0 1.69605312153
5.18 1.06724140217 0.0 1.69144783824
5.19 1.07499637694 0.0 1.6865298069
5.2 1.08317154951 0.0 1.68129099038
5.21 1.09176594323 0.0 1.67572286647
5.22 1.1007784148 0.0 1.6698164215
5.23 1.1102076351 0.0 1.66356214401
5.24 1.12005206881 0.0 1.6569500183
5.25 1.1303099526 0.0 1.64996951822
5.26 1.14097927189 0.0 1.64260960094
5.27 1.15205773621 0.0 1.63485870106
5.28 1.16354275295 0.0 1.62670472492
5.29 1.17543139959 0.0 1.61813504531
5.3 1.18772039429 0.0 1.6091364967
5.31 1.20040606472 0.0 1.59969537093
5.32 1.21348431527 0.0 1.5897974137
5.33 1.22695059231 0.0 1.57942782173
5.34 1.24079984771 0.0 1.56857124095
5.35 1.25502650042 0.0 1.5572117657
5.36 1.26962439611 0.0 1.54533293914
5.37 1.2845867648 0.0 1.53291775503
5.38 1.29990617647 0.0 1.5199486611
5.39 1.31557449463 0.0 1.50640756406
5.4 1.33158282783 0.0 1.49227583664
5.41 1.34792147899 0.0 1.47753432667
5.42 1.3645798927 0.0 1.46216336858
5.43 1.38154660044 0.0 1.44614279752
5.44 1.39880916362 0.0 1.42945196623
5.45 1.41635411475 0.0 1.41206976514
5.46 1.43416689642 0.0 1.39397464583
5.47 1.45223179853 0.0 1.37514464815
5.48 1.47053189359 0.0 1.35555743144
5.49 1.48904897039 0.0 1.33519030995
5.5 1.50776346598 0.0 1.31402029309
5.51 1.52665439643 0.0 1.29202413053
5.52 1.54569928618 0.0 1.26917836284
5.53 1.56487409667 0.0 1.24545937773
5.54 1.58415315407 0.0 1.22084347255
5.55 1.6035090768 0.0 1.19530692319
5.56 1.62291270299 0.0 1.16882605998
5.57 1.64233301836 0.0 1.14137735075
5.58 1.66173708496 0.0 1.11293749171
5.59 1.68108997134 0.0 1.08348350623
5.6 1.7003546846 0.0 1.05299285209
5.61 1.71949210516 0.0 1.02144353749
5.62 1.73846092469 0.0 0.988814246124
5.63 1.75721758818 0.0 0.955084471553
5.64 1.77571624089 0.0 0.920234661286
5.65 1.79390868108 0.0 0.884246370607
5.66 1.81174431948 0.0 0.847102426407
5.67 1.82917014659 0.0 0.808787101058
5.68 1.84613070887 0.0 0.769286296356
5.69 1.86256809508 0.0 0.728587737461
5.7 1.87842193387 0.0 0.686681176654
5.71 1.89362940404 0.0 0.643558606623
5.72 1.90812525886 0.0 0.599214482896
5.73 1.92184186568 0.0 0.55364595485
5.74 1.93470926248 0.0 0.506853104622
5.75 1.94665523268 0.0 0.458839193072
5.76 1.95760539971 0.0 0.409610911757
5.77 1.96748334295 0.0 0.359178639714
5.78 1.97621073625 0.0 0.307556703633
5.79 1.98370751066 0.0 0.254763639795
5.8 1.9898920426 0.0 0.200822455939
5.81 1.9946813687 0.0 0.145760891
5.82 1.99799142854 0.0 0.0896116704084
5.83 1.99973733609 0.0 0.0324127544558
5.84 1.99983368081 0.0 -0.0257924230425
5.85 1.99819485888 0.0 -0.0849547287385
5.86 1.99473543483 0.0 -0.145019119578
5.87 1.98937053365 0.0 -0.205924451827
5.88 1.98201626304 0.0 -0.267603312836
5.89 1.97259016508 0.0 -0.329981879219
5.9 1.96101169621 0.0 -0.392979805243
5.91 1.94720273399 0.0 -0.456510145278
5.92 1.93108810868 0.0 -0.520479314189
5.93 1.91259615704 0.0 -0.584787089522
5.94 1.89165929533 0.0 -0.649326659229
5.95 1.86821460804 0.0 -0.713984718535
5.96 1.84220444812 0.0 -0.778641619311
5.97 1.81357704415 0.0 -0.843171575023
5.98 1.78228710926 0.0 -0.907442923915
5.99 1.74829644612 0.0 -0.971318452663
6.0 1.7115745419 0.0 -1.03465578215
6.01 1.67209914662 0.0 -1.09730781638
6.02 1.62985682803 0.0 -1.15912325493
6.03 1.58484349586 0.0 -1.21994716838
6.04 1.53706488796 0.0 -1.27962163557
6.05 1.4865370111 0.0 -1.33798644037
6.06 1.43328652885 0.0 -1.39487982501
6.07 1.37735108932 0.0 -1.45013929564
6.08 1.31877958579 0.0 -1.50360247542
6.09 1.25763234377 0.0 -1.55510799879
6.1 1.19398122822 0.0 -1.60449644022
6.11 1.12790966599 0.0 -1.65161126945
6.12 1.05951257872 0.0 -1.69629982477
6.13 0.98889622281 0.0 -1.73841429484
6.14 0.916177934023 0.0 -1.77781269914
6.15 0.841485775471 0.0 -1.81435985672
6.16 0.764958088939 0.0 -1.84792833253
6.17 0.686742950913 0.0 -1.87839935034
6.18 0.606997535978 0.0 -1.90566366165
6.19 0.525887391628 0.0 -1.92962235977
6.2 0.443585629882 0.0 -1.95018762917
6.21 0.360272042406 0.0 -1.96728342022
6.22 0.276132147046 0.0 -1.9808460408
6.23 0.191356174804 0.0 -1.99082465686
6.24 0.106138007296 0.0 -1.99718169514
6.25 0.0206740755136 0.0 -1.9998931428
6.26 -0.0648377685783 0.0 -1.99894873965
6.27 -0.150199395656 0.0 -1.99435206058
6.28 -0.23521354562 0.0 -1.98612048677
6.29 -0.319684964865 0.0 -1.97428506636
6.3 -0.403421522124 0.0 -1.95889026632
6.31 -0.486235291118 0.0 -1.93999361898
6.32 -0.567943588827 0.0 -1.91766526795
6.33 -0.64836995894 0.0 -1.89198741971
6.34 -0.727345090956 0.0 -1.86305370794
6.35 -0.804707666463 0.0 -1.83096847912
6.36 -0.880305125303 0.0 -1.79584600853
6.37 -0.953994345594 0.0 -1.75780965653
6.38 -1.02564223291 0.0 -1.71699097554
6.39 -1.09512621525 0.0 -1.67352877856
6.4 -1.1623346419 0.0 -1.6275681799
6.41 -1.22716708546 0.0 -1.57925961905
6.42 -1.28953454773 0.0 -1.52875787822
6.43 -1.34935957133 0.0 -1.47622110379
6.44 -1.40657626012 0.0 -1.42180984118
6.45 -1.46113021232 0.0 -1.36568609228
6.46 -1.51297837131 0.0 -1.30801240359
6.47 -1.56208879986 0.0 -1.24895099238
6.48 -1.60844038389 0.0 -1.18866291751
6.49 -1.65202247284 0.0 -1.12730730026
6.5 -1.69283446353 0.0 -1.06504059974
6.51 -1.73088533496 0.0 -1.00201594659
6.52 -1.76619314164 0.0 -0.938382537369
6.53 -1.79878447252 0.0 -0.874285091622
6.54 -1.82869388318 0.0 -0.809863372199
6.55 -1.85596330802 0.0 -0.745251769052
6.56 -1.88064145935 0.0 -0.680578945724
6.57 -1.90278321961 0.0 -0.61596754717
6.58 -1.92244903269 0.0 -0.551533966964
6.59 -1.93970429972 0.0 -0.487388171413
6.6 -1.95461878427 0.0 -0.423633577716
6.61 -1.96726603123 0.0 -0.360366982909
6.62 -1.97772280331 0.0 -0.297678540128
6.63 -1.98606853842 0.0 -0.235651778489
6.64 -1.99238483057 0.0 -0.174363662772
6.65 -1.99675493679 0.0 -0.113884689056
6.66 -1.99926331153 0.0 -0.0542790124046
6.67 -1.99999517012 0.0 0.00439539719452
6.68 -1.99903608204 0.0 0.0620865744022
6.69 -1.9964715945 0.0 0.118748357203
6.7 -1.99238688657 0.0 0.174340168147
6.71 -1.98686645352 0.0 0.228826781414
6.72 -1.97999382116 0.0 0.282178078791
6.73 -1.97185128936 0.0 0.334368797389
6.74 -1.96251970376 0.0 0.385378271756
6.75 -1.95207825497 0.0 0.435190172765
6.76 -1.94060430362 0.0 0.483792245465
6.77 -1.92817323034 0.0 0.531176047845
6.78 -1.91485830907 0.0 0.577336692215
6.79 -1.90073060237 0.0 0.622272590749
6.8 -1.88585887721 0.0 0.665985206475
6.81 -1.87030953978 0.0 0.708478810838
6.82 -1.85414658788 0.0 0.749760248771
6.83 -1.83743157939 0.0 0.789838712046
6.84 -1.82022361539 0.0 0.828725521501
6.85 -1.80257933657 0.0 0.866433918636
6.86 -1.78455293167 0.0 0.902978866899
6.87 -1.76619615649 0.0 0.938376862894
6.88 -1.74755836244 0.0 0.972645757637
6.89 -1.72868653347 0.0 1.00580458787
6.9 -1.70962533012 0.0 1.03787341743
6.91 -1.69041713995 0.0 1.06887318843
6.92 -1.67110213322 0.0 1.09882558231
6.93 -1.65171832304 0.0 1.1277528902
6.94 -1.63230162914 0.0 1.15567789262
6.95 -1.61288594466 0.0 1.18262374807
6.96 -1.59350320508 0.0 1.20861389012
6.97 -1.57418345888 0.0 1.2336719328
6.98 -1.55495493931 0.0 1.25782158382
6.99 -1.53584413675 0.0 1.28108656523
7.0 -1.51687587133 0.0 1.30349054119
7.01 -1.49807336528 0.0 1.32505705244
7.02 -1.47945831482 0.0 1.34580945706
7.03 -1.46105096114 0.0 1.36577087718
7.04 -1.4428701604 0.0 1.38496415124
7.05 -1.42493345233 0.0 1.40341179146
7.06 -1.40725712743 0.0 1.4211359461
7.07 -1.3898562924 0.0 1.43815836627
7.08 -1.37274493397 0.0 1.45450037685
7.09 -1.35593598067 0.0 1.47018285132
7.1 -1.33944136279 0.0 1.48522619007
7.11 -1.32327207021 0.0 1.49965030197
7.12 -1.30743820828 0.0 1.513474589
7.13 -1.29194905149 0.0 1.52671793346
7.14 -1.27681309514 0.0 1.53939868782
7.15 -1.26203810488 0.0 1.55153466666
7.16 -1.24763116411 0.0 1.56314314071
7.17 -1.23359871941 0.0 1.57424083274
7.18 -1.21994662383 0.0 1.58484391503
7.19 -1.20668017822 0.0 1.59496800829
7.2 -1.19380417061 0.0 1.60462818193
7.21 -1.1813229136 0.0 1.61383895535
7.22 -1.16924027996 0.0 1.62261430035
7.23 -1.15755973632 0.0 1.63096764433
7.24 -1.14628437513 0.0 1.63891187418
7.25 -1.13541694494 0.0 1.64645934087
7.26 -1.12495987893 0.0 1.65362186451
7.27 -1.11491532187 0.0 1.66041073986
7.28 -1.10528515559 0.0 1.6668367421
7.29 -1.09607102284 0.0 1.67291013294
7.3 -1.08727434978 0.0 1.67864066683
7.31 -1.07889636708 0.0 1.6840375973
7.32 -1.07093812966 0.0 1.68910968336
7.33 -1.06340053515 0.0 1.69386519589
7.34 -1.05628434108 0.0 1.69831192388
7.35 -1.04959018094 0.0 1.70245718069
7.36 -1.04331857906 0.0 1.70630781003
7.37 -1.03746996436 0.0 1.70987019187
7.38 -1.03204468305 0.0 1.71315024799
7.39 -1.02704301034 0.0 1.71615344737
7.4 -1.02246516109 0.0 1.71888481125
7.41 -1.01831129956 0.0 1.72134891791
7.42 -1.01458154817 0.0 1.72354990705
7.43 -1.01127599545 0.0 1.7254914839
7.44 -1.00839470299 0.0 1.7271769229
7.45 -1.00593771163 0.0 1.72860907099
7.46 -1.00390504681 0.0 1.72979035059
7.47 -1.00229672303 0.0 1.73072276203
7.48 -1.00111274762 0.0 1.73140788567
7.49 -1.00035312361 0.0 1.73184688356
7.5 -1.00001785191 0.0 1.73204050064
7.51 -1.00010693264 0.0 1.73198906558
7.52 -1.0006203658 0.0 1.73169249104
7.53 -1.00155815104 0.0 1.73115027369
7.54 -1.00292028677 0.0 1.73036149356
7.55 -1.00470676847 0.0 1.72932481315
7.56 -1.00691758619 0.0 1.72803847602
7.57 -1.00955272134 0.0 1.7265003049
7.58 -1.01261214262 0.0 1.72470769947
7.59 -1.01609580115 0.0 1.72265763368
7.6 -1.02000362485 0.0 1.72034665265
7.61 -1.02433551186 0.0 1.71777086922
7.62 -1.0290913232 0.0 1.71492596007
7.63 -1.0342708745 0.0 1.7118071615
7.64 -1.0398739268 0.0 1.70840926489
7.65 -1.04590017643 0.0 1.70472661179
7.66 -1.05234924394 0.0 1.70075308871
7.67 -1.05922066196 0.0 1.69648212171
7.68 -1.06651386208 0.0 1.69190667059
7.69 -1.0742281606 0.0 1.68701922306
7.7 -1.08236274318 0.0 1.68181178857
7.71 -1.09091664834 0.0 1.67627589208
7.72 -1.09988874969 0.0 1.67040256774
7.73 -1.10927773695 0.0 1.66418235248
7.74 -1.11908209569 0.0 1.65760527965
7.75 -1.12930008559 0.0 1.65066087271
7.76 -1.13992971743 0.0 1.64333813907
7.77 -1.15096872854 0.0 1.6356255641
7.78 -1.1624145567 0.0 1.62751110545
7.79 -1.17426431257 0.0 1.61898218774
7.8 -1.18651475036 0.0 1.61002569768
7.81 -1.19916223693 0.0 1.60062797974
7.82 -1.21220271906 0.0 1.59077483256
7.83 -1.22563168898 0.0 1.58045150605
7.84 -1.23944414803 0.0 1.56964269944
7.85 -1.25363456842 0.0 1.55833256042
7.86 -1.26819685306 0.0 1.54650468538
7.87 -1.2831242934 0.0 1.53414212108
7.88 -1.29840952525 0.0 1.52122736786
7.89 -1.31404448253 0.0 1.50774238448
7.9 -1.33002034893 0.0 1.49366859492
7.91 -1.34632750755 0.0 1.47898689731
7.92 -1.36295548835 0.0 1.46367767516
7.93 -1.37989291354 0.0 1.44772081119
7.94 -1.39712744088 0.0 1.43109570397
7.95 -1.41464570498 0.0 1.41378128767
7.96 -1.43243325655 0.0 1.39575605516
7.97 -1.45047449973 0.0 1.37699808483
7.98 -1.46875262762 0.0 1.35748507132
7.99 -1.48724955608 0.0 1.33719436057
8.0 -1.50594585587 0.0 1.31610298958
8.01 -1.52482068352 0.0 1.29418773102
8.02 -1.54385171081 0.0 1.2714251433
8.03 -1.56301505346 0.0 1.2477916263
8.04 -1.58228519891 0.0 1.22326348319
8.05 -1.60163493389 0.0 1.19781698875
8.06 -1.62103527183 0.0 1.17142846452
8.07 -1.64045538069 0.0 1.1440743612
8.08 -1.65986251161 0.0 1.11573134874
8.09 -1.67922192888 0.0 1.08637641431
8.1 -1.69849684185 0.0 1.05598696878
8.11 -1.71764833932 0.0 1.02454096182
8.12 -1.7366353272 0.0 0.992017006064
8.13 -1.75541447014 0.0 0.958394510647
8.14 -1.77394013791 0.0 0.923653824274
8.15 -1.79216435761 0.0 0.88777638812
8.16 -1.81003677238 0.0 0.850744898689
8.17 -1.82750460792 0.0 0.812543480711
8.18 -1.84451264779 0.0 0.773157870119
8.19 -1.8610032187 0.0 0.732575607023
8.2 -1.8769161869 0.0 0.690786238528
8.21 -1.89218896729 0.0 0.647781531122
8.22 -1.90675654617 0.0 0.603555692237
8.23 -1.92055151942 0.0 0.558105600459
8.24 -1.93350414727 0.0 0.511431043713
8.25 -1.94554242735 0.0 0.463534964582
8.26 -1.95659218723 0.0 0.414423711752
8.27 -1.96657719826 0.0 0.364107296386
8.28 -1.97541931183 0.0 0.312599652041
8.29 -1.9830386197 0.0 0.259918896507
8.3 -1.98935363968 0.0 0.206087593772
8.31 -1.99428152778 0.0 0.151133014058
8.32 -1.99773831828 0.0 0.0950873896615
8.33 -1.9996391923 0.0 0.037988164099
8.34 -1.99989877605 0.0 -0.0201217681602
8.35 -1.99843146908 0.0 -0.0791938343289
8.36 -1.995151803 0.0 -0.139173571452
8.37 -1.98997483065 0.0 -0.200000433427
8.38 -1.98281654546 0.0 -0.261607620406
8.39 -1.97359433028 0.0 -0.323921934262
8.4 -1.96222743472 0.0 -0.386863663886
8.41 -1.94863747941 0.0 -0.450346504176
8.42 -1.93274898526 0.0 -0.514277512592
8.43 -1.91448992522 0.0 -0.578557107132
8.44 -1.89379229562 0.0 -0.643079109494
8.45 -1.87059270348 0.0 -0.707730837043
8.46 -1.84483296589 0.0 -0.772393246968
8.47 -1.8164607167 0.0 -0.836941135726
8.48 -1.7854300155 0.0 -0.9012433965
8.49 -1.75170195326 0.0 -0.965163336919
8.5 -1.71524524854 0.0 -1.02855905877
8.51 -1.67603682773 0.0 -1.09128390077
8.52 -1.63406238255 0.0 -1.15318694492
8.53 -1.58931689751 0.0 -1.21411358583
8.54 -1.54180514013 0.0 -1.27390616211
8.55 -1.49154210641 0.0 -1.33240464755
8.56 -1.43855341415 0.0 -1.38944739902
8.57 -1.38287563683 0.0 -1.44487195733
8.58 -1.32455657102 0.0 -1.49851589587
8.59 -1.26365543079 0.0 -1.55021771124
8.6 -1.20024296297 0.0 -1.59981774894
8.61 -1.13440147793 0.0 -1.64715915651
8.62 -1.06622479132 0.0 -1.69208885534
8.63 -0.995818073163 0.0 -1.73445852218
8.64 -0.92329760176 0.0 -1.77412557013
8.65 -0.848790421018 0.0 -1.81095411902
8.66 -0.7724339011 0.0 -1.84481594432
8.67 -0.694375203565 0.0 -1.87559139385
8.68 -0.614770653568 0.0 -1.9031702613
8.69 -0.533785023024 0.0 -1.92745260621
8.7 -0.451590729998 0.0 -1.94834950986
8.71 -0.36836696089 0.0 -1.96578375772
8.72 -0.284298723227 0.0 -1.97969043943
8.73 -0.199575837976 0.0 -1.99001745844
8.74 -0.114391881325 0.0 -1.99672594451
8.75 -0.0289430866956 0.0 -1.99979056347
8.76 0.0565727815539 0.0 -1.99919971998
8.77 0.141957570799 0.0 -1.99495565066
8.78 0.227013886982 0.0 -1.98707440603
8.79 0.311546233323 0.0 -1.97558572188
8.8 0.395362128747 0.0 -1.96053278145
8.81 0.478273194251 0.0 -1.94197187201
8.82 0.560096195928 0.0 -1.91997194024
8.83 0.640654034154 0.0 -1.89461405266
8.84 0.7197766693 0.0 -1.86599076802
8.85 0.797301975387 0.0 -1.83420543016
8.86 0.873076514282 0.0 -1.79937139029
8.87 0.94695622428 0.0 -1.76161116859
8.88 1.01880701823 0.0 -1.72105556552
8.89 1.08850528772 0.0 -1.67784273357
8.9 1.15593831131 0.0 -1.63211722019
8.91 1.22100456585 0.0 -1.58402899284
8.92 1.28361394166 0.0 -1.53373245672
8.93 1.34368786312 0.0 -1.48138547532
8.94 1.40115931778 0.0 -1.4271484037
8.95 1.45597279767 0.0 -1.37118314329
8.96 1.50808415786 0.0 -1.31365222674
8.97 1.5574603978 0.0 -1.25471794013
8.98 1.60407937166 0.0 -1.19454148919
8.99 1.64792943445 0.0 -1.13328221511
9.0 1.68900903105 0.0 -1.07109686445
9.01 1.72732623548 0.0 -1.00813891712
9.02 1.76289824783 0.0 -0.944557974812
9.03 1.79575085628 0.0 -0.880499211917
9.04 1.82591787147 0.0 -0.81610288975
9.05 1.85344054042 0.0 -0.751503934217
9.06 1.87836694653 0.0 -0.686831576289
9.07 1.90075140225 0.0 -0.622209053974
9.08 1.92065384021 0.0 -0.557753373876
9.09 1.93813920839 0.0 -0.493575129937
9.1 1.95327687415 0.0 -0.429778376494
9.11 1.96614004168 0.0 -0.36646055247
9.12 1.9768051866 0.0 -0.303712453221
9.13 1.9853515112 0.0 -0.241618246356
9.14 1.991860423 0.0 -0.180255527748
9.15 1.99641503899 0.0 -0.119695413859
9.16 1.99909971738 0.0 -0.0600026664974
9.17 1.99999961817 0.0 -0.00123584618594
9.18 1.99920029353 0.0 0.0565525096144
9.19 1.99678730842 0.0 0.113315687049
9.2 1.99284589175 0.0 0.16901257865
9.21 1.98746061787 0.0 0.223607451635
9.22 1.980715118 0.0 0.277069704828
9.23 1.97269182094 0.0 0.329373617058
9.24 1.96347172216 0.0 0.380498089701
9.25 1.95313418034 0.0 0.430426385785
9.26 1.94175674 0.0 0.479145867855
9.27 1.9294149791 0.0 0.526647736561
9.28 1.91618238021 0.0 0.572926771726
9.29 1.90213022371 0.0 0.617981077423
9.3 1.88732750166 0.0 0.661811832383
9.31 1.87184085088 0.0 0.704423046882
9.32 1.85573450367 0.0 0.745821327053
9.33 1.83907025479 0.0 0.786015647398
9.34 1.82190744322 0.0 0.825017132147
9.35 1.80430294739 0.0 0.862838845919
9.36 1.78631119245 0.0 0.899495594066
9.37 1.76798416832 0.0 0.935003732915
9.38 1.74937145745 0.0 0.969380990046
9.39 1.73052027086 0.0 1.00264629464
9.4 1.71147549164 0.0 1.03481961786
9.41 1.69227972479 0.0 1.06592182315
9.42 1.67297335239 0.0 1.09597452625
9.43 1.65359459341 0.0 1.12499996474
9.44 1.63417956712 0.0 1.15302087683
9.45 1.61476235964 0.0 1.18006038909
9.46 1.59537509266 0.0 1.20614191276
9.47 1.57604799402 0.0 1.23128904833
9.48 1.55680946932 0.0 1.25552549804
9.49 1.53768617431 0.0 1.27887498582
9.5 1.51870308744 0.0 1.30136118438
9.51 1.4998835823 0.0 1.32300764909
9.52 1.48124949955 0.0 1.3438377581
9.53 1.46282121799 0.0 1.36387465853
9.54 1.4446177247 0.0 1.3831412182
9.55 1.42665668373 0.0 1.40165998258
9.56 1.40895450347 0.0 1.41945313665
9.57 1.3915264023 0.0 1.43654247125
9.58 1.37438647249 0.0 1.45294935364
9.59 1.35754774225 0.0 1.46869470194
9.6 1.34102223583 0.0 1.48379896314
9.61 1.32482103158 0.0 1.49828209436
9.62 1.30895431799 0.0 1.51216354718
9.63 1.29343144759 0.0 1.52546225465
9.64 1.27826098885 0.0 1.53819662085
9.65 1.26345077584 0.0 1.55038451264
9.66 1.24900795594 0.0 1.56204325356
9.67 1.23493903536 0.0 1.57318961952
9.68 1.22124992271 0.0 1.58383983606
9.69 1.20794597048 0.0 1.59400957726
9.7 1.19503201463 0.0 1.60371396577
9.71 1.18251241215 0.0 1.6129675741
9.72 1.17039107683 0.0 1.62178442688
9.73 1.15867151314 0.0 1.63017800397
9.74 1.14735684839 0.0 1.63816124434
9.75 1.13644986308 0.0 1.64574655057
9.76 1.12595301969 0.0 1.65294579387
9.77 1.11586848975 0.0 1.65977031953
9.78 1.10619817943 0.0 1.66623095272
9.79 1.09694375361 0.0 1.67233800454
9.8 1.08810665845 0.0 1.67810127819
9.81 1.07968814263 0.0 1.68353007537
9.82 1.07168927724 0.0 1.68863320263
9.83 1.06411097435 0.0 1.69341897777
9.84 1.05695400431 0.0 1.6978952361
9.85 1.05021901196 0.0 1.7020693367
9.86 1.04390653154 0.0 1.70594816844
9.87 1.03801700062 0.0 1.70953815588
9.88 1.03255077291 0.0 1.71284526486
9.89 1.02750812998 0.0 1.71587500793
9.9 1.0228892921 0.0 1.7186324494
9.91 1.018694428 0.0 1.72112221017
9.92 1.01492366383 0.0 1.72334847219
9.93 1.01157709103 0.0 1.72531498252
9.94 1.00865477353 0.0 1.72702505709
9.95 1.00615675395 0.0 1.72848158407
9.96 1.00408305898 0.0 1.7296870268
9.97 1.00243370402 0.0 1.73064342631
9.98 1.00120869695 0.0 1.73135240352
9.99 1.0004080411 0.0 1.73181516083
10.0 1.00003173753 0.0 1.73203248351

